MJD	sv	C1	P1	P2
60544.00000	G08	-33.25	-33.30	-32.35
60544.00000	G10	-33.14	-33.03	-32.78
60544.00000	G16	-32.95	-32.86	-32.35
60544.00000	G18	-32.63	-32.74	-33.17
60544.00000	G23	-33.48	-33.33	-32.35
60544.00000	G26	-33.15	-33.13	-33.45
60544.00000	G27	-33.04	-32.85	-33.26
60544.00000	G32	-33.64	-33.60	-32.62
60544.00347	G08	-33.11	-33.16	-32.55
60544.00347	G10	-33.05	-32.94	-32.96
60544.00347	G16	-32.76	-32.66	-33.02
60544.00347	G18	-31.91	-32.00	-32.79
60544.00347	G23	-33.04	-32.96	-32.70
60544.00347	G26	-33.03	-32.79	-32.95
60544.00347	G27	-33.10	-32.93	-33.06
60544.00347	G32	-33.20	-33.10	-33.14
60544.00694	G08	-33.05	-33.09	-32.23
60544.00694	G10	-33.24	-33.17	-33.04
60544.00694	G16	-33.53	-33.42	-32.76
60544.00694	G18	-32.27	-32.35	-33.31
60544.00694	G23	-33.66	-33.58	-32.79
60544.00694	G27	-33.33	-33.21	-32.63
60544.00694	G32	-33.00	-33.00	-33.16
60544.01042	G08	-33.64	-33.68	-33.21
60544.01042	G10	-32.91	-32.79	-33.30
60544.01042	G16	-32.88	-32.77	-32.62
60544.01042	G18	-32.49	-32.11	-33.25
60544.01042	G23	-33.00	-32.96	-32.20
60544.01042	G27	-33.00	-32.88	-33.19
60544.01042	G32	-33.50	-33.42	-31.65
60544.01389	G08	-32.93	-32.93	-32.75
60544.01389	G10	-32.93	-32.84	-33.01
60544.01389	G16	-32.82	-32.79	-31.92
60544.01389	G18	-33.28	-33.08	-33.71
60544.01389	G23	-33.07	-32.85	-32.87
60544.01389	G27	-33.27	-33.15	-33.04
60544.01389	G32	-32.76	-32.72	-33.35
60544.01736	G08	-33.65	-33.70	-33.24
60544.01736	G10	-33.28	-33.18	-32.94
60544.01736	G16	-32.44	-32.30	-32.72
60544.01736	G18	-33.81	-33.92	-33.14
60544.01736	G23	-33.46	-33.38	-33.51
60544.01736	G27	-32.84	-32.72	-33.02
60544.01736	G32	-32.77	-32.74	-32.62
60544.02083	G08	-32.91	-32.89	-33.17
60544.02083	G10	-33.47	-33.33	-32.73
60544.02083	G16	-33.51	-33.43	-33.57
60544.02083	G18	-33.41	-33.25	-31.56
60544.02083	G21	-32.90	-32.56	-32.80
60544.02083	G23	-33.57	-33.48	-33.33
60544.02083	G27	-33.20	-33.09	-32.63
60544.02083	G32	-32.90	-32.78	-32.80
60544.02431	G08	-33.89	-33.89	-32.98
60544.02431	G10	-33.37	-33.25	-33.24
60544.02431	G16	-33.01	-33.01	-33.12
60544.02431	G18	-34.18	-33.93	-33.18
60544.02431	G21	-33.41	-33.12	-33.59
60544.02431	G23	-32.38	-32.32	-32.81
60544.02431	G27	-33.33	-33.24	-33.25
60544.02431	G32	-33.26	-33.21	-32.59
60544.02778	G08	-32.85	-32.82	-32.38
60544.02778	G10	-33.29	-33.14	-33.31
60544.02778	G16	-33.59	-33.35	-31.96
60544.02778	G18	-32.52	-32.02	-32.44
60544.02778	G21	-32.90	-32.72	-31.96
60544.02778	G23	-33.75	-33.80	-33.76
60544.02778	G27	-33.05	-32.91	-32.74
60544.02778	G32	-32.86	-32.89	-32.47
60544.03125	G08	-33.50	-33.40	-32.34
60544.03125	G10	-33.26	-33.13	-32.95
60544.03125	G16	-32.10	-31.86	-33.00
60544.03125	G21	-33.25	-33.15	-31.30
60544.03125	G23	-33.65	-33.53	-34.11
60544.03125	G27	-32.87	-32.74	-32.55
60544.03125	G32	-32.89	-32.83	-32.52
60544.03472	G08	-33.23	-33.10	-32.62
60544.03472	G10	-33.53	-33.41	-32.92
60544.03472	G21	-33.07	-32.92	-33.11
60544.03472	G23	-33.31	-33.10	-31.91
60544.03472	G27	-32.95	-32.86	-32.82
60544.03472	G32	-32.78	-32.63	-32.51
60544.03819	G08	-33.60	-33.43	-32.68
60544.03819	G10	-33.24	-33.10	-32.93
60544.03819	G21	-33.23	-33.14	-33.96
60544.03819	G23	-32.63	-32.62	-31.58
60544.03819	G27	-33.15	-33.03	-32.77
60544.03819	G32	-33.46	-33.31	-32.89
60544.04167	G08	-33.20	-33.07	-32.93
60544.04167	G10	-33.04	-32.92	-32.78
60544.04167	G21	-32.97	-32.93	-32.41
60544.04167	G23	-33.17	-33.08	-33.79
60544.04167	G27	-33.33	-33.23	-33.14
60544.04167	G32	-33.06	-32.95	-32.85
60544.04514	G08	-33.34	-33.26	-32.69
60544.04514	G10	-33.12	-33.02	-33.30
60544.04514	G21	-33.12	-32.98	-32.26
60544.04514	G23	-32.82	-32.47	-34.29
60544.04514	G27	-32.96	-32.83	-32.46
60544.04514	G32	-33.19	-33.08	-32.74
60544.04861	G02	-32.25	-32.00	-32.83
60544.04861	G08	-33.10	-33.02	-32.56
60544.04861	G10	-33.00	-32.86	-32.95
60544.04861	G21	-33.54	-33.40	-32.55
60544.04861	G23	-32.46	-32.12	-32.72
60544.04861	G27	-33.40	-33.29	-33.50
60544.04861	G32	-33.39	-33.33	-32.95
60544.05208	G02	-33.77	-33.63	-32.29
60544.05208	G08	-33.21	-33.23	-32.94
60544.05208	G10	-33.16	-33.13	-32.36
60544.05208	G21	-33.60	-33.41	-33.07
60544.05208	G23	-33.17	-32.68	-34.54
60544.05208	G27	-33.20	-33.14	-32.87
60544.05208	G32	-33.08	-32.99	-32.83
60544.05556	G02	-32.88	-32.85	-33.47
60544.05556	G08	-32.89	-32.91	-33.24
60544.05556	G10	-33.52	-33.45	-32.47
60544.05556	G21	-32.91	-32.86	-32.67
60544.05556	G23	-32.13	-31.99	-32.02
60544.05556	G27	-33.24	-33.22	-32.64
60544.05556	G32	-33.33	-33.20	-33.08
60544.05903	G02	-33.39	-33.34	-33.24
60544.05903	G08	-32.94	-32.89	-33.72
60544.05903	G10	-33.60	-33.50	-33.04
60544.05903	G21	-32.52	-32.42	-32.98
60544.05903	G23	-32.79	-31.85	-31.78
60544.05903	G27	-33.08	-33.10	-33.26
60544.05903	G32	-33.25	-33.22	-32.74
60544.06250	G02	-32.97	-32.87	-33.91
60544.06250	G08	-33.23	-33.22	-32.50
60544.06250	G10	-33.60	-33.51	-32.47
60544.06250	G21	-33.04	-33.06	-32.02
60544.06250	G27	-33.52	-33.40	-32.28
60544.06250	G32	-33.09	-33.02	-32.97
60544.06597	G02	-34.12	-34.14	-32.07
60544.06597	G08	-33.12	-33.10	-33.02
60544.06597	G10	-32.99	-32.87	-32.89
60544.06597	G21	-33.29	-33.26	-33.10
60544.06597	G23	-34.12	-34.03	-32.86
60544.06597	G27	-32.84	-32.72	-32.69
60544.06597	G32	-33.51	-33.39	-32.89
60544.06944	G02	-32.93	-32.80	-33.03
60544.06944	G08	-33.05	-32.94	-32.82
60544.06944	G10	-32.87	-32.78	-33.00
60544.06944	G21	-32.18	-32.11	-32.33
60544.06944	G27	-33.83	-33.73	-32.89
60544.06944	G32	-33.38	-33.26	-32.57
60544.07292	G02	-33.28	-33.33	-32.59
60544.07292	G08	-33.05	-32.94	-33.24
60544.07292	G10	-32.82	-32.72	-32.05
60544.07292	G21	-33.26	-33.22	-33.19
60544.07292	G27	-32.69	-32.53	-33.12
60544.07292	G28	-33.14	-33.14	-32.14
60544.07292	G32	-33.67	-33.59	-32.67
60544.07639	G02	-33.61	-33.59	-33.06
60544.07639	G08	-32.98	-32.87	-32.70
60544.07639	G10	-32.14	-32.08	-32.74
60544.07639	G21	-32.82	-32.72	-33.66
60544.07639	G27	-32.78	-32.73	-32.97
60544.07639	G28	-32.29	-32.13	-32.57
60544.07639	G32	-33.67	-33.56	-33.23
60544.07986	G02	-33.88	-33.84	-32.81
60544.07986	G08	-32.89	-32.77	-33.12
60544.07986	G10	-32.72	-32.71	-31.34
60544.07986	G21	-33.34	-33.37	-32.59
60544.07986	G27	-33.11	-32.96	-32.53
60544.07986	G28	-31.27	-31.17	-32.38
60544.07986	G32	-33.96	-33.84	-33.27
60544.08333	G02	-33.39	-33.23	-32.49
60544.08333	G08	-32.33	-32.22	-32.82
60544.08333	G10	-33.68	-33.63	-31.23
60544.08333	G21	-32.83	-32.77	-32.99
60544.08333	G27	-33.41	-33.21	-32.50
60544.08333	G28	-31.99	-31.88	-32.05
60544.08333	G32	-33.32	-33.22	-32.93
60544.08681	G02	-32.98	-32.93	-33.13
60544.08681	G08	-32.98	-32.88	-32.70
60544.08681	G10	-32.79	-32.82	-32.51
60544.08681	G21	-33.07	-32.99	-32.50
60544.08681	G27	-33.22	-32.98	-33.23
60544.08681	G28	-32.56	-32.60	-31.67
60544.08681	G32	-33.24	-33.17	-32.73
60544.09028	G02	-33.08	-33.01	-33.15
60544.09028	G08	-32.93	-32.87	-33.31
60544.09028	G10	-32.84	-32.78	-33.25
60544.09028	G21	-33.55	-33.51	-32.64
60544.09028	G27	-33.17	-33.08	-33.00
60544.09028	G28	-32.60	-32.59	-32.92
60544.09028	G32	-33.34	-33.34	-32.76
60544.09375	G02	-33.94	-33.89	-32.70
60544.09375	G08	-33.50	-33.39	-33.08
60544.09375	G10	-33.43	-33.48	-32.81
60544.09375	G21	-33.19	-33.16	-33.31
60544.09375	G27	-33.14	-33.14	-32.66
60544.09375	G28	-32.47	-32.43	-33.21
60544.09375	G32	-33.31	-33.29	-32.97
60544.09722	G02	-33.33	-33.33	-32.60
60544.09722	G08	-33.42	-33.38	-32.30
60544.09722	G10	-33.34	-33.43	-33.68
60544.09722	G21	-33.23	-33.10	-33.12
60544.09722	G27	-33.83	-33.74	-33.22
60544.09722	G28	-32.81	-32.71	-32.64
60544.09722	G32	-33.40	-33.31	-32.79
60544.10069	G02	-33.35	-33.23	-33.84
60544.10069	G03	-33.01	-32.51	-33.62
60544.10069	G08	-33.13	-33.05	-33.41
60544.10069	G10	-32.66	-32.77	-32.37
60544.10069	G21	-33.17	-33.09	-32.25
60544.10069	G27	-33.07	-33.03	-33.02
60544.10069	G28	-33.31	-33.42	-33.06
60544.10069	G31	-33.78	-33.59	-31.88
60544.10069	G32	-33.06	-33.03	-32.87
60544.10417	G02	-33.34	-33.30	-32.12
60544.10417	G03	-32.93	-32.67	-32.57
60544.10417	G08	-33.21	-33.09	-33.56
60544.10417	G10	-33.09	-33.07	-33.71
60544.10417	G21	-33.29	-33.24	-32.26
60544.10417	G27	-33.14	-33.13	-33.97
60544.10417	G28	-32.61	-32.70	-31.65
60544.10417	G31	-32.77	-32.26	-32.69
60544.10417	G32	-33.41	-33.44	-32.58
60544.10764	G02	-33.24	-33.22	-32.58
60544.10764	G03	-33.12	-32.94	-32.27
60544.10764	G08	-33.00	-32.90	-32.96
60544.10764	G10	-32.59	-32.56	-33.13
60544.10764	G21	-33.26	-33.18	-32.84
60544.10764	G27	-33.04	-33.04	-32.50
60544.10764	G28	-33.23	-33.31	-33.56
60544.10764	G31	-32.57	-32.36	-31.99
60544.10764	G32	-33.03	-32.92	-33.45
60544.11111	G02	-32.99	-32.98	-33.31
60544.11111	G03	-32.94	-32.76	-33.69
60544.11111	G08	-33.24	-33.14	-33.19
60544.11111	G10	-32.66	-32.55	-33.37
60544.11111	G21	-32.98	-32.88	-32.78
60544.11111	G27	-33.06	-33.04	-32.71
60544.11111	G28	-33.76	-33.71	-33.29
60544.11111	G31	-33.26	-33.18	-32.02
60544.11111	G32	-33.09	-32.96	-32.87
60544.11458	G02	-33.48	-33.34	-32.78
60544.11458	G03	-32.39	-32.22	-31.99
60544.11458	G08	-33.04	-32.98	-32.85
60544.11458	G10	-33.21	-33.06	-33.27
60544.11458	G21	-32.93	-32.82	-32.77
60544.11458	G27	-32.46	-32.15	-32.48
60544.11458	G28	-33.05	-32.94	-32.87
60544.11458	G31	-32.84	-32.78	-32.43
60544.11458	G32	-33.40	-33.19	-32.54
60544.11806	G02	-33.15	-33.00	-32.75
60544.11806	G03	-32.85	-32.77	-32.11
60544.11806	G08	-33.03	-33.00	-32.33
60544.11806	G10	-32.41	-32.63	-33.92
60544.11806	G21	-33.11	-33.02	-32.75
60544.11806	G27	-33.52	-33.28	-33.01
60544.11806	G28	-32.97	-32.94	-32.44
60544.11806	G31	-32.75	-32.78	-32.35
60544.11806	G32	-32.86	-32.77	-33.16
60544.12153	G02	-33.19	-33.05	-32.88
60544.12153	G03	-32.58	-32.49	-32.17
60544.12153	G08	-33.66	-33.62	-33.00
60544.12153	G10	-32.45	-32.23	-32.21
60544.12153	G21	-32.88	-32.75	-32.93
60544.12153	G27	-32.77	-32.74	-32.13
60544.12153	G28	-33.02	-32.98	-32.72
60544.12153	G31	-33.02	-32.95	-32.19
60544.12153	G32	-33.05	-32.93	-32.65
60544.12500	G02	-33.38	-33.27	-33.29
60544.12500	G03	-32.71	-32.57	-32.53
60544.12500	G08	-33.71	-33.70	-33.25
60544.12500	G10	-32.96	-32.76	-32.90
60544.12500	G17	-34.45	-34.39	-33.46
60544.12500	G21	-33.19	-33.07	-32.81
60544.12500	G27	-32.72	-32.70	-32.59
60544.12500	G28	-33.02	-32.96	-33.45
60544.12500	G31	-33.52	-33.57	-32.75
60544.12500	G32	-33.17	-32.97	-34.27
60544.12847	G02	-33.08	-32.94	-32.88
60544.12847	G03	-33.06	-32.91	-33.27
60544.12847	G08	-32.90	-32.72	-32.96
60544.12847	G10	-33.55	-33.75	-34.39
60544.12847	G17	-32.99	-32.89	-32.54
60544.12847	G21	-33.32	-33.18	-32.64
60544.12847	G27	-32.70	-32.37	-32.03
60544.12847	G28	-33.02	-32.92	-33.19
60544.12847	G31	-33.15	-33.17	-32.24
60544.12847	G32	-32.22	-32.01	-32.99
60544.13194	G02	-32.98	-32.87	-32.53
60544.13194	G03	-33.20	-33.04	-32.85
60544.13194	G04	-31.50	-31.39	-32.83
60544.13194	G08	-33.21	-33.02	-32.06
60544.13194	G10	-36.21	-36.56	-33.88
60544.13194	G17	-33.77	-33.54	-33.04
60544.13194	G21	-33.14	-33.02	-32.88
60544.13194	G27	-33.64	-33.84	-33.88
60544.13194	G28	-33.26	-33.09	-32.96
60544.13194	G31	-32.36	-32.20	-32.90
60544.13194	G32	-33.18	-33.22	-30.95
60544.13542	G02	-32.94	-32.84	-32.89
60544.13542	G03	-33.34	-33.30	-32.71
60544.13542	G04	-32.72	-32.69	-32.51
60544.13542	G08	-32.99	-32.80	-33.19
60544.13542	G17	-33.74	-33.53	-34.48
60544.13542	G21	-32.74	-32.64	-33.34
60544.13542	G27	-33.62	-33.81	-33.89
60544.13542	G28	-33.00	-32.91	-33.19
60544.13542	G31	-33.38	-33.26	-32.91
60544.13542	G32	-32.61	-32.44	-33.81
60544.13889	G02	-32.92	-32.85	-32.85
60544.13889	G03	-33.29	-33.25	-32.73
60544.13889	G04	-32.90	-32.68	-32.82
60544.13889	G08	-33.02	-33.02	-33.28
60544.13889	G17	-32.97	-32.92	-33.38
60544.13889	G21	-33.05	-32.99	-32.76
60544.13889	G27	-32.13	-31.88	-32.22
60544.13889	G28	-33.25	-33.12	-32.75
60544.13889	G31	-32.47	-32.39	-33.28
60544.13889	G32	-33.40	-33.42	-31.85
60544.14236	G02	-33.04	-32.91	-33.34
60544.14236	G03	-32.68	-32.50	-32.78
60544.14236	G04	-33.35	-33.20	-32.80
60544.14236	G08	-32.42	-32.38	-32.12
60544.14236	G17	-33.15	-33.16	-32.44
60544.14236	G21	-33.18	-33.07	-33.18
60544.14236	G28	-33.12	-33.00	-33.26
60544.14236	G31	-32.81	-32.76	-33.51
60544.14236	G32	-33.22	-33.37	-31.21
60544.14583	G02	-33.58	-33.49	-32.94
60544.14583	G03	-32.98	-32.89	-33.31
60544.14583	G04	-32.86	-32.81	-32.98
60544.14583	G08	-33.42	-33.38	-32.25
60544.14583	G17	-32.29	-32.44	-33.97
60544.14583	G21	-33.06	-32.94	-33.26
60544.14583	G28	-32.83	-32.79	-33.02
60544.14583	G31	-32.72	-32.65	-32.98
60544.14583	G32	-33.31	-33.33	-33.29
60544.14931	G02	-33.06	-32.98	-32.90
60544.14931	G03	-33.08	-32.92	-32.87
60544.14931	G04	-32.78	-32.70	-32.37
60544.14931	G08	-33.27	-33.16	-34.35
60544.14931	G17	-33.66	-33.68	-32.17
60544.14931	G21	-32.62	-32.51	-33.17
60544.14931	G28	-32.70	-32.70	-32.73
60544.14931	G31	-33.42	-33.40	-32.84
60544.14931	G32	-32.46	-32.14	-32.19
60544.15278	G02	-33.39	-33.32	-32.78
60544.15278	G03	-33.65	-33.52	-33.02
60544.15278	G04	-32.39	-32.22	-32.53
60544.15278	G08	-33.42	-33.37	-32.75
60544.15278	G17	-33.70	-33.43	-31.89
60544.15278	G21	-32.86	-32.76	-33.08
60544.15278	G28	-32.52	-32.49	-32.54
60544.15278	G31	-33.18	-33.12	-33.15
60544.15278	G32	-32.91	-32.82	-33.25
60544.15625	G02	-33.25	-33.16	-32.77
60544.15625	G03	-33.10	-32.95	-33.47
60544.15625	G04	-33.55	-33.41	-32.31
60544.15625	G08	-32.65	-32.61	-32.14
60544.15625	G17	-33.18	-32.86	-33.73
60544.15625	G21	-33.34	-33.23	-33.43
60544.15625	G28	-33.24	-33.18	-32.86
60544.15625	G31	-32.92	-32.77	-33.03
60544.15625	G32	-32.35	-32.55	-31.66
60544.15972	G02	-33.29	-33.22	-32.94
60544.15972	G03	-33.10	-32.97	-32.56
60544.15972	G04	-33.86	-33.77	-32.25
60544.15972	G08	-33.30	-33.14	-33.30
60544.15972	G17	-33.09	-32.85	-32.06
60544.15972	G21	-33.42	-33.38	-32.93
60544.15972	G28	-32.94	-32.86	-33.91
60544.15972	G31	-33.15	-33.18	-32.93
60544.15972	G32	-32.19	-32.19	-32.35
60544.16319	G02	-33.11	-33.06	-33.24
60544.16319	G03	-33.44	-33.32	-32.37
60544.16319	G04	-33.25	-33.14	-33.39
60544.16319	G08	-32.69	-32.59	-33.16
60544.16319	G17	-32.94	-32.78	-32.67
60544.16319	G21	-33.03	-32.97	-33.11
60544.16319	G28	-32.91	-32.80	-32.93
60544.16319	G31	-33.47	-33.36	-32.73
60544.16319	G32	-34.13	-33.74	-32.48
60544.16667	G02	-33.16	-33.10	-33.00
60544.16667	G03	-33.19	-32.99	-33.16
60544.16667	G04	-32.96	-32.93	-33.44
60544.16667	G08	-33.95	-33.78	-32.99
60544.16667	G17	-32.66	-32.45	-33.02
60544.16667	G19	-32.87	-32.70	-33.24
60544.16667	G21	-33.04	-32.94	-32.91
60544.16667	G28	-33.42	-33.30	-32.97
60544.16667	G31	-32.87	-32.72	-33.13
60544.16667	G32	-34.00	-33.68	-32.84
60544.17014	G02	-33.13	-33.05	-32.95
60544.17014	G03	-32.82	-32.71	-32.75
60544.17014	G04	-33.51	-33.41	-33.16
60544.17014	G08	-31.89	-31.54	-31.44
60544.17014	G17	-32.55	-32.50	-33.20
60544.17014	G19	-32.44	-32.36	-33.64
60544.17014	G21	-33.22	-33.13	-32.85
60544.17014	G28	-33.88	-33.80	-32.42
60544.17014	G31	-33.45	-33.36	-32.69
60544.17014	G32	-33.42	-33.54	-37.64
60544.17361	G02	-33.25	-33.14	-33.02
60544.17361	G03	-33.24	-33.15	-33.13
60544.17361	G04	-33.68	-33.61	-31.99
60544.17361	G08	-32.40	-32.17	-33.54
60544.17361	G17	-32.81	-32.75	-34.42
60544.17361	G19	-32.82	-32.77	-32.03
60544.17361	G21	-32.65	-32.50	-33.29
60544.17361	G28	-33.00	-32.87	-33.33
60544.17361	G31	-32.93	-32.84	-32.78
60544.17708	G02	-33.33	-33.20	-33.14
60544.17708	G03	-32.89	-32.79	-33.02
60544.17708	G04	-33.09	-33.01	-34.15
60544.17708	G17	-33.05	-32.88	-34.22
60544.17708	G19	-32.63	-32.50	-33.75
60544.17708	G21	-33.38	-33.28	-32.64
60544.17708	G28	-33.21	-33.04	-32.31
60544.17708	G31	-33.33	-33.25	-32.51
60544.18056	G02	-33.37	-33.26	-32.90
60544.18056	G03	-32.73	-32.63	-33.34
60544.18056	G04	-33.29	-33.18	-33.02
60544.18056	G17	-33.36	-33.27	-31.21
60544.18056	G19	-32.46	-32.02	-32.87
60544.18056	G21	-33.39	-33.29	-33.16
60544.18056	G28	-33.03	-32.94	-33.25
60544.18056	G31	-32.78	-32.65	-32.88
60544.18403	G02	-32.84	-32.73	-33.00
60544.18403	G03	-33.35	-33.28	-33.03
60544.18403	G04	-33.26	-33.22	-32.70
60544.18403	G19	-33.17	-32.95	-33.04
60544.18403	G21	-33.30	-33.18	-33.00
60544.18403	G28	-32.49	-32.49	-32.38
60544.18403	G31	-33.21	-33.13	-33.20
60544.18750	G02	-33.22	-33.06	-32.92
60544.18750	G03	-32.87	-32.77	-32.84
60544.18750	G04	-33.43	-33.34	-32.80
60544.18750	G19	-32.88	-32.72	-32.97
60544.18750	G21	-32.93	-32.83	-32.12
60544.18750	G28	-31.88	-31.83	-32.79
60544.18750	G31	-33.13	-33.08	-32.81
60544.19097	G02	-33.12	-33.04	-32.61
60544.19097	G03	-33.17	-33.06	-33.35
60544.19097	G04	-33.72	-33.63	-32.25
60544.19097	G17	-33.04	-32.93	-33.19
60544.19097	G19	-31.75	-31.45	-32.85
60544.19097	G21	-32.85	-32.88	-33.18
60544.19097	G28	-32.44	-32.23	-32.18
60544.19097	G31	-33.28	-33.30	-32.41
60544.19444	G02	-33.15	-33.05	-33.32
60544.19444	G03	-33.14	-33.01	-32.77
60544.19444	G04	-33.11	-33.03	-32.58
60544.19444	G17	-31.64	-31.47	-32.42
60544.19444	G19	-31.61	-31.42	-35.02
60544.19444	G21	-32.91	-32.97	-32.80
60544.19444	G28	-32.73	-32.70	-32.90
60544.19444	G31	-33.77	-33.68	-33.47
60544.19792	G02	-33.38	-33.35	-33.06
60544.19792	G03	-33.10	-32.88	-33.26
60544.19792	G04	-32.89	-32.87	-32.83
60544.19792	G17	-33.77	-33.56	-33.67
60544.19792	G19	-34.09	-33.90	-32.51
60544.19792	G21	-33.40	-33.36	-33.45
60544.19792	G28	-33.42	-33.36	-33.05
60544.19792	G31	-33.60	-33.50	-33.34
60544.20139	G02	-33.21	-33.17	-32.64
60544.20139	G03	-33.07	-33.00	-33.07
60544.20139	G04	-33.70	-33.57	-33.34
60544.20139	G09	-33.15	-33.28	-33.65
60544.20139	G19	-33.57	-33.32	-30.40
60544.20139	G21	-33.17	-33.16	-32.18
60544.20139	G28	-32.73	-32.66	-34.03
60544.20139	G31	-33.42	-33.30	-32.78
60544.20486	G02	-33.37	-33.28	-33.22
60544.20486	G03	-33.56	-33.46	-33.02
60544.20486	G04	-33.36	-33.24	-32.78
60544.20486	G09	-33.01	-32.92	-33.52
60544.20486	G19	-31.68	-31.60	-31.18
60544.20486	G21	-32.37	-32.30	-32.88
60544.20486	G26	-31.89	-31.53	-34.39
60544.20486	G28	-34.04	-33.99	-31.12
60544.20486	G31	-33.53	-33.50	-32.87
60544.20833	G02	-33.76	-33.67	-33.27
60544.20833	G03	-33.07	-32.98	-32.69
60544.20833	G04	-33.10	-32.96	-33.60
60544.20833	G06	-33.49	-33.54	-33.78
60544.20833	G09	-32.67	-32.54	-34.49
60544.20833	G21	-32.85	-32.94	-33.30
60544.20833	G26	-32.61	-32.40	-33.59
60544.20833	G28	-33.07	-32.90	-32.47
60544.20833	G31	-33.30	-33.23	-32.68
60544.21181	G02	-33.30	-33.21	-32.97
60544.21181	G03	-33.46	-33.35	-32.64
60544.21181	G04	-33.50	-33.38	-32.63
60544.21181	G06	-32.94	-32.88	-34.03
60544.21181	G09	-32.99	-32.85	-33.08
60544.21181	G21	-33.55	-33.54	-31.98
60544.21181	G26	-33.43	-33.62	-33.70
60544.21181	G28	-32.76	-32.47	-33.50
60544.21181	G31	-33.11	-33.10	-33.37
60544.21528	G02	-33.02	-32.94	-32.29
60544.21528	G03	-33.02	-32.90	-32.97
60544.21528	G04	-32.74	-32.63	-32.75
60544.21528	G06	-34.34	-34.32	-34.03
60544.21528	G09	-32.79	-32.70	-32.89
60544.21528	G21	-32.93	-32.89	-32.60
60544.21528	G26	-33.58	-33.45	-33.81
60544.21528	G28	-33.28	-33.30	-34.29
60544.21528	G31	-32.90	-32.88	-33.01
60544.21875	G02	-32.96	-32.90	-33.73
60544.21875	G03	-33.48	-33.36	-32.66
60544.21875	G04	-33.01	-32.96	-33.15
60544.21875	G06	-33.24	-33.01	-33.23
60544.21875	G09	-33.18	-33.04	-33.35
60544.21875	G21	-33.37	-33.34	-32.58
60544.21875	G26	-34.47	-34.27	-31.68
60544.21875	G28	-32.11	-32.11	-35.70
60544.21875	G31	-32.77	-32.64	-32.56
60544.22222	G02	-33.10	-33.04	-33.25
60544.22222	G03	-33.46	-33.37	-32.92
60544.22222	G04	-32.86	-32.82	-32.54
60544.22222	G06	-34.14	-33.90	-31.45
60544.22222	G09	-32.94	-32.77	-33.65
60544.22222	G21	-32.81	-32.67	-32.35
60544.22222	G26	-32.91	-32.83	-31.52
60544.22222	G28	-32.51	-32.39	-32.05
60544.22222	G31	-33.03	-32.84	-33.15
60544.22569	G02	-33.13	-33.06	-33.91
60544.22569	G03	-33.18	-33.12	-32.95
60544.22569	G04	-32.87	-32.75	-32.73
60544.22569	G06	-33.45	-33.45	-31.83
60544.22569	G09	-32.83	-32.72	-32.99
60544.22569	G21	-32.89	-32.89	-34.33
60544.22569	G26	-33.67	-33.55	-31.71
60544.22569	G28	-32.66	-32.11	-30.47
60544.22569	G31	-33.01	-32.86	-32.95
60544.22917	G02	-33.50	-33.37	-32.64
60544.22917	G03	-33.26	-33.16	-33.34
60544.22917	G04	-32.80	-32.70	-32.71
60544.22917	G06	-33.01	-33.11	-32.35
60544.22917	G09	-33.21	-33.17	-33.01
60544.22917	G21	-32.83	-32.79	-32.40
60544.22917	G26	-33.11	-33.14	-32.94
60544.22917	G28	-33.77	-33.31	-33.16
60544.22917	G31	-33.05	-32.93	-32.45
60544.23264	G02	-33.16	-33.00	-32.09
60544.23264	G03	-33.16	-33.12	-32.90
60544.23264	G04	-33.41	-33.32	-32.62
60544.23264	G06	-33.69	-33.57	-33.36
60544.23264	G09	-32.99	-32.87	-32.65
60544.23264	G21	-33.14	-33.11	-33.40
60544.23264	G26	-32.15	-32.09	-32.81
60544.23264	G28	-32.54	-32.18	-33.46
60544.23264	G31	-33.26	-33.20	-32.31
60544.23611	G02	-32.66	-32.52	-33.50
60544.23611	G03	-33.39	-33.26	-33.07
60544.23611	G04	-33.31	-33.17	-32.81
60544.23611	G06	-33.74	-33.62	-32.58
60544.23611	G09	-33.50	-33.32	-32.72
60544.23611	G21	-33.44	-33.33	-32.66
60544.23611	G26	-33.45	-33.39	-33.18
60544.23611	G31	-32.73	-32.61	-33.11
60544.23958	G02	-33.09	-33.05	-32.74
60544.23958	G03	-33.45	-33.33	-32.92
60544.23958	G04	-33.45	-33.37	-32.78
60544.23958	G06	-34.08	-34.08	-32.90
60544.23958	G09	-32.82	-32.67	-31.79
60544.23958	G16	-33.88	-33.84	-33.19
60544.23958	G21	-32.42	-32.36	-32.77
60544.23958	G26	-33.24	-33.14	-33.08
60544.23958	G31	-32.86	-32.82	-32.92
60544.24306	G02	-33.04	-33.07	-33.56
60544.24306	G03	-33.23	-33.08	-32.99
60544.24306	G04	-33.23	-33.16	-32.97
60544.24306	G06	-33.43	-33.38	-33.81
60544.24306	G09	-33.89	-33.77	-32.76
60544.24306	G16	-33.67	-32.86	-32.73
60544.24306	G21	-32.53	-32.43	-31.96
60544.24306	G26	-32.55	-32.49	-32.84
60544.24306	G31	-33.15	-32.99	-33.17
60544.24653	G02	-33.43	-33.56	-32.11
60544.24653	G03	-33.03	-32.92	-33.20
60544.24653	G04	-33.15	-33.05	-32.21
60544.24653	G06	-33.34	-33.23	-32.04
60544.24653	G07	-32.63	-32.40	-31.90
60544.24653	G09	-32.74	-32.64	-32.70
60544.24653	G16	-32.99	-32.19	-33.82
60544.24653	G21	-33.77	-34.20	-31.97
60544.24653	G26	-32.93	-32.89	-31.77
60544.24653	G31	-32.88	-32.75	-32.98
60544.25000	G02	-32.78	-32.79	-33.08
60544.25000	G03	-33.17	-33.09	-33.36
60544.25000	G04	-32.90	-32.81	-32.89
60544.25000	G06	-33.60	-33.52	-32.40
60544.25000	G07	-33.14	-32.95	-32.63
60544.25000	G09	-33.07	-32.91	-33.08
60544.25000	G16	-32.93	-32.78	-32.96
60544.25000	G26	-32.52	-32.43	-31.81
60544.25000	G31	-33.17	-33.03	-32.77
60544.25347	G02	-32.85	-32.76	-32.68
60544.25347	G03	-33.12	-32.98	-33.13
60544.25347	G04	-33.31	-33.20	-32.96
60544.25347	G06	-33.48	-33.42	-33.35
60544.25347	G07	-32.49	-32.51	-32.47
60544.25347	G09	-33.34	-33.22	-33.37
60544.25347	G16	-34.63	-34.68	-32.84
60544.25347	G26	-32.41	-32.35	-32.84
60544.25347	G31	-32.93	-32.75	-33.95
60544.25694	G02	-31.96	-31.80	-32.74
60544.25694	G03	-33.17	-33.08	-32.82
60544.25694	G04	-32.74	-32.64	-32.80
60544.25694	G06	-33.22	-33.17	-32.42
60544.25694	G07	-33.76	-33.88	-33.40
60544.25694	G09	-33.44	-33.33	-32.92
60544.25694	G16	-33.63	-33.39	-32.33
60544.25694	G26	-32.52	-32.48	-33.44
60544.25694	G31	-32.36	-32.19	-33.07
60544.26042	G02	-33.26	-33.26	-32.42
60544.26042	G03	-32.88	-32.80	-32.80
60544.26042	G04	-33.07	-33.00	-32.39
60544.26042	G06	-33.02	-33.05	-33.45
60544.26042	G07	-32.51	-32.48	-32.29
60544.26042	G09	-33.25	-33.17	-32.97
60544.26042	G16	-33.13	-32.95	-30.75
60544.26042	G26	-32.95	-32.79	-32.15
60544.26042	G31	-33.88	-33.80	-33.32
60544.26389	G02	-33.00	-32.94	-32.49
60544.26389	G03	-33.48	-33.39	-33.09
60544.26389	G04	-33.15	-33.11	-32.52
60544.26389	G06	-33.28	-33.24	-33.49
60544.26389	G07	-33.07	-32.92	-32.61
60544.26389	G09	-32.54	-32.43	-33.23
60544.26389	G16	-32.70	-32.54	-32.70
60544.26389	G26	-32.76	-32.62	-32.45
60544.26389	G31	-32.33	-32.28	-33.40
60544.26736	G02	-33.79	-33.97	-32.09
60544.26736	G03	-32.98	-32.97	-32.85
60544.26736	G04	-33.00	-32.94	-33.18
60544.26736	G06	-33.27	-33.28	-33.10
60544.26736	G07	-32.65	-32.51	-32.61
60544.26736	G09	-32.96	-32.84	-32.81
60544.26736	G16	-33.22	-33.26	-33.05
60544.26736	G26	-33.28	-33.20	-33.88
60544.26736	G31	-32.91	-32.63	-32.56
60544.27083	G02	-33.38	-33.69	-30.97
60544.27083	G03	-33.50	-33.46	-32.60
60544.27083	G04	-32.96	-32.85	-32.34
60544.27083	G06	-33.23	-33.18	-32.91
60544.27083	G07	-32.82	-32.62	-33.17
60544.27083	G09	-33.30	-33.16	-32.99
60544.27083	G16	-33.01	-32.87	-33.31
60544.27083	G26	-32.45	-32.38	-32.68
60544.27083	G31	-32.82	-32.21	-32.78
60544.27431	G02	-33.20	-33.92	-31.48
60544.27431	G03	-33.08	-32.98	-32.68
60544.27431	G04	-33.53	-33.49	-33.29
60544.27431	G06	-33.14	-33.12	-32.99
60544.27431	G07	-32.91	-32.82	-33.09
60544.27431	G09	-33.57	-33.52	-32.26
60544.27431	G16	-32.33	-32.23	-32.74
60544.27431	G26	-33.10	-33.07	-32.04
60544.27431	G31	-32.51	-32.08	-32.13
60544.27778	G02	-33.40	-33.72	-33.38
60544.27778	G03	-33.46	-33.41	-32.88
60544.27778	G04	-32.90	-32.83	-32.69
60544.27778	G06	-33.57	-33.46	-31.55
60544.27778	G07	-32.90	-32.79	-33.38
60544.27778	G09	-33.10	-33.03	-33.55
60544.27778	G11	-33.37	-33.25	-33.30
60544.27778	G16	-33.61	-33.41	-32.99
60544.27778	G26	-33.29	-33.35	-32.16
60544.27778	G31	-32.39	-32.61	-33.92
60544.28125	G03	-32.53	-32.53	-33.17
60544.28125	G04	-33.33	-33.24	-33.15
60544.28125	G06	-33.56	-33.43	-32.51
60544.28125	G07	-33.29	-33.22	-33.01
60544.28125	G09	-33.45	-33.40	-32.83
60544.28125	G11	-33.36	-33.27	-33.35
60544.28125	G16	-33.50	-33.29	-33.19
60544.28125	G26	-32.76	-32.86	-32.23
60544.28125	G31	-33.25	-33.18	-33.35
60544.28472	G03	-33.16	-33.11	-33.05
60544.28472	G04	-33.79	-33.73	-33.07
60544.28472	G06	-33.22	-33.20	-33.26
60544.28472	G07	-33.27	-33.12	-32.89
60544.28472	G09	-32.95	-32.87	-32.48
60544.28472	G11	-32.22	-31.97	-33.79
60544.28472	G16	-32.96	-32.83	-32.86
60544.28472	G26	-32.20	-32.23	-31.94
60544.28472	G31	-33.11	-33.04	-31.18
60544.28819	G03	-33.41	-33.34	-33.40
60544.28819	G04	-32.93	-32.83	-32.78
60544.28819	G06	-33.55	-33.51	-33.28
60544.28819	G07	-32.84	-32.74	-32.72
60544.28819	G09	-32.51	-32.45	-33.14
60544.28819	G11	-32.51	-32.43	-34.62
60544.28819	G16	-33.27	-33.16	-32.45
60544.28819	G26	-32.33	-32.14	-32.04
60544.28819	G31	-33.00	-33.59	-34.13
60544.29167	G03	-33.21	-33.11	-32.64
60544.29167	G04	-33.29	-33.22	-33.31
60544.29167	G06	-33.74	-33.59	-32.52
60544.29167	G07	-33.25	-33.26	-32.82
60544.29167	G09	-33.39	-33.33	-33.21
60544.29167	G11	-32.16	-32.03	-33.96
60544.29167	G16	-33.12	-33.05	-33.04
60544.29167	G26	-32.84	-32.53	-32.30
60544.29167	G31	-32.44	-33.05	-29.95
60544.29514	G03	-32.64	-32.56	-33.20
60544.29514	G04	-33.25	-33.16	-33.04
60544.29514	G06	-33.19	-33.06	-32.38
60544.29514	G07	-33.14	-33.04	-32.99
60544.29514	G09	-33.30	-33.15	-32.70
60544.29514	G11	-33.46	-33.42	-33.72
60544.29514	G16	-32.59	-32.41	-32.92
60544.29514	G26	-32.61	-32.63	-32.16
60544.29861	G03	-33.28	-33.18	-33.06
60544.29861	G04	-32.85	-32.75	-32.68
60544.29861	G06	-32.95	-32.76	-32.13
60544.29861	G07	-32.84	-32.71	-33.14
60544.29861	G09	-33.54	-33.43	-32.95
60544.29861	G11	-33.14	-33.18	-33.54
60544.29861	G16	-32.99	-32.88	-31.83
60544.29861	G26	-32.15	-32.20	-32.78
60544.30208	G03	-33.42	-33.30	-32.58
60544.30208	G04	-33.27	-33.13	-32.79
60544.30208	G06	-33.44	-33.31	-32.80
60544.30208	G07	-33.34	-33.17	-33.03
60544.30208	G09	-33.06	-32.99	-32.72
60544.30208	G11	-33.15	-33.07	-31.47
60544.30208	G16	-32.57	-32.55	-32.60
60544.30208	G26	-32.08	-32.18	-33.53
60544.30556	G03	-33.89	-33.81	-33.04
60544.30556	G04	-32.75	-32.65	-32.99
60544.30556	G06	-33.27	-33.20	-33.00
60544.30556	G07	-32.71	-32.59	-32.82
60544.30556	G09	-33.39	-33.25	-33.26
60544.30556	G11	-33.59	-33.51	-31.92
60544.30556	G16	-32.56	-32.44	-32.23
60544.30556	G26	-33.92	-34.09	-34.27
60544.30556	G30	-33.09	-33.16	-31.77
60544.30903	G03	-33.03	-33.02	-32.81
60544.30903	G04	-32.99	-32.99	-32.56
60544.30903	G06	-33.84	-33.75	-33.33
60544.30903	G07	-33.19	-33.10	-32.76
60544.30903	G09	-33.22	-33.12	-32.57
60544.30903	G11	-33.34	-33.17	-32.86
60544.30903	G16	-32.79	-32.74	-32.57
60544.30903	G26	-33.54	-34.04	-32.83
60544.30903	G30	-32.81	-32.70	-33.13
60544.31250	G03	-33.01	-32.88	-32.89
60544.31250	G04	-33.40	-33.35	-32.57
60544.31250	G06	-33.38	-33.33	-33.10
60544.31250	G07	-33.40	-33.26	-33.08
60544.31250	G09	-33.61	-33.54	-32.97
60544.31250	G11	-32.55	-32.40	-31.57
60544.31250	G16	-32.24	-32.08	-31.91
60544.31250	G26	-32.91	-32.91	-33.36
60544.31250	G30	-33.59	-33.56	-32.24
60544.31597	G03	-33.27	-33.22	-32.74
60544.31597	G04	-33.35	-33.31	-32.63
60544.31597	G06	-33.42	-33.35	-33.03
60544.31597	G07	-33.00	-32.91	-32.13
60544.31597	G09	-33.17	-33.10	-32.89
60544.31597	G11	-33.01	-32.93	-32.81
60544.31597	G16	-32.72	-32.63	-31.87
60544.31597	G20	-33.61	-33.68	-31.66
60544.31597	G26	-32.43	-31.68	-33.57
60544.31597	G30	-33.38	-33.35	-32.95
60544.31944	G03	-33.06	-32.98	-32.40
60544.31944	G04	-33.32	-33.26	-32.86
60544.31944	G06	-33.13	-32.96	-33.28
60544.31944	G07	-33.27	-33.19	-33.11
60544.31944	G09	-33.03	-32.90	-32.65
60544.31944	G11	-32.85	-32.71	-33.20
60544.31944	G16	-32.39	-32.28	-33.11
60544.31944	G20	-33.45	-33.62	-31.87
60544.31944	G30	-33.48	-33.42	-32.11
60544.32292	G03	-32.87	-32.78	-32.77
60544.32292	G04	-33.35	-33.20	-32.77
60544.32292	G06	-33.85	-33.73	-33.95
60544.32292	G07	-32.96	-32.86	-32.66
60544.32292	G09	-32.65	-32.56	-33.11
60544.32292	G11	-33.12	-32.95	-31.77
60544.32292	G16	-33.28	-33.35	-32.66
60544.32292	G20	-33.04	-32.39	-31.20
60544.32292	G30	-32.93	-32.87	-33.20
60544.32639	G03	-32.90	-32.82	-33.91
60544.32639	G04	-32.68	-32.51	-32.48
60544.32639	G06	-33.09	-33.03	-33.63
60544.32639	G07	-32.68	-32.63	-33.29
60544.32639	G09	-33.25	-33.19	-32.66
60544.32639	G11	-33.95	-33.78	-31.94
60544.32639	G16	-32.97	-33.00	-33.54
60544.32639	G20	-33.30	-33.44	-31.16
60544.32639	G30	-33.59	-33.46	-32.85
60544.32986	G03	-32.92	-32.85	-33.35
60544.32986	G04	-32.61	-32.56	-32.67
60544.32986	G06	-32.87	-32.90	-32.92
60544.32986	G07	-33.29	-33.24	-32.85
60544.32986	G09	-33.37	-33.34	-32.60
60544.32986	G11	-32.67	-32.51	-33.03
60544.32986	G16	-32.73	-32.55	-32.42
60544.32986	G20	-33.83	-34.07	-34.89
60544.32986	G30	-33.60	-33.51	-32.20
60544.33333	G03	-33.01	-33.02	-32.51
60544.33333	G04	-32.48	-32.40	-33.48
60544.33333	G06	-33.86	-33.87	-33.03
60544.33333	G07	-32.95	-32.88	-32.93
60544.33333	G09	-33.42	-33.37	-32.76
60544.33333	G11	-32.98	-32.76	-34.14
60544.33333	G16	-32.20	-31.97	-32.95
60544.33333	G20	-32.95	-33.23	-32.76
60544.33333	G30	-33.40	-33.31	-31.99
60544.33681	G03	-32.10	-31.88	-32.68
60544.33681	G04	-32.71	-32.70	-33.13
60544.33681	G06	-33.10	-33.04	-33.53
60544.33681	G07	-33.20	-33.15	-33.28
60544.33681	G09	-33.26	-33.13	-32.74
60544.33681	G11	-33.31	-33.18	-32.85
60544.33681	G16	-33.19	-33.22	-33.19
60544.33681	G20	-33.64	-33.71	-33.54
60544.33681	G30	-32.93	-32.93	-32.81
60544.34028	G03	-32.47	-32.41	-32.01
60544.34028	G04	-32.73	-32.59	-32.67
60544.34028	G06	-33.01	-32.95	-33.14
60544.34028	G07	-33.13	-33.02	-32.77
60544.34028	G09	-33.18	-33.09	-33.44
60544.34028	G11	-32.96	-32.97	-32.61
60544.34028	G16	-32.21	-32.42	-33.12
60544.34028	G20	-33.22	-32.99	-32.92
60544.34028	G30	-33.50	-33.35	-32.84
60544.34375	G03	-32.53	-32.33	-32.34
60544.34375	G04	-32.41	-32.24	-32.58
60544.34375	G06	-33.41	-33.34	-32.58
60544.34375	G07	-33.46	-33.40	-33.20
60544.34375	G09	-33.07	-33.01	-32.80
60544.34375	G11	-32.14	-32.18	-33.40
60544.34375	G16	-33.56	-33.58	-33.47
60544.34375	G20	-33.91	-33.77	-31.84
60544.34375	G30	-33.04	-32.91	-33.15
60544.34722	G03	-33.16	-33.00	-33.61
60544.34722	G04	-33.77	-33.77	-32.80
60544.34722	G06	-33.19	-33.05	-33.65
60544.34722	G07	-32.94	-32.87	-32.72
60544.34722	G09	-33.06	-33.00	-33.24
60544.34722	G11	-33.09	-33.03	-31.67
60544.34722	G16	-32.58	-32.55	-31.98
60544.34722	G20	-33.26	-33.18	-31.68
60544.34722	G30	-33.79	-33.72	-33.24
60544.35069	G03	-32.25	-32.20	-32.46
60544.35069	G04	-32.45	-32.26	-32.81
60544.35069	G06	-32.61	-32.50	-33.59
60544.35069	G07	-33.13	-33.06	-33.01
60544.35069	G09	-33.00	-32.86	-33.05
60544.35069	G11	-32.05	-32.13	-32.48
60544.35069	G14	-32.18	-32.03	-32.45
60544.35069	G16	-32.15	-31.91	-33.08
60544.35069	G20	-32.91	-32.72	-33.18
60544.35069	G30	-33.51	-33.48	-32.70
60544.35417	G03	-32.44	-32.37	-31.61
60544.35417	G04	-33.38	-33.20	-32.14
60544.35417	G06	-32.92	-32.71	-31.92
60544.35417	G07	-33.27	-33.20	-33.06
60544.35417	G09	-33.02	-32.89	-33.04
60544.35417	G11	-33.02	-32.87	-33.39
60544.35417	G14	-32.35	-31.93	-31.65
60544.35417	G16	-32.91	-32.66	-32.23
60544.35417	G20	-32.60	-32.41	-32.45
60544.35417	G30	-33.55	-33.56	-33.37
60544.35764	G04	-32.86	-32.84	-33.35
60544.35764	G06	-32.93	-32.77	-33.79
60544.35764	G07	-32.70	-32.63	-32.86
60544.35764	G09	-33.20	-33.12	-33.05
60544.35764	G11	-32.80	-32.62	-33.23
60544.35764	G14	-32.54	-32.25	-32.52
60544.35764	G16	-32.31	-32.15	-32.23
60544.35764	G20	-32.41	-32.24	-33.34
60544.35764	G30	-33.41	-33.34	-32.63
60544.36111	G04	-33.03	-33.06	-32.83
60544.36111	G06	-33.77	-33.70	-32.95
60544.36111	G07	-32.97	-32.88	-33.05
60544.36111	G09	-32.99	-32.95	-33.24
60544.36111	G11	-33.10	-32.90	-31.74
60544.36111	G14	-31.93	-31.58	-32.05
60544.36111	G16	-32.96	-33.04	-32.96
60544.36111	G20	-32.98	-32.80	-33.22
60544.36111	G30	-33.03	-32.98	-33.31
60544.36458	G04	-32.94	-32.89	-33.03
60544.36458	G05	-33.98	-33.92	-35.16
60544.36458	G07	-33.24	-33.14	-32.93
60544.36458	G09	-33.37	-33.32	-33.63
60544.36458	G11	-32.52	-32.27	-31.32
60544.36458	G14	-32.91	-32.72	-31.46
60544.36458	G16	-33.14	-33.16	-33.08
60544.36458	G20	-32.18	-31.96	-33.20
60544.36458	G30	-33.35	-33.30	-32.88
60544.36806	G04	-33.97	-34.00	-32.97
60544.36806	G05	-33.99	-34.22	-34.70
60544.36806	G07	-32.91	-32.78	-32.80
60544.36806	G09	-33.46	-33.43	-32.82
60544.36806	G11	-35.74	-35.61	-33.88
60544.36806	G14	-33.66	-33.55	-34.35
60544.36806	G16	-32.03	-31.85	-32.17
60544.36806	G20	-32.96	-32.77	-32.04
60544.36806	G30	-32.93	-32.87	-32.56
60544.37153	G04	-32.62	-32.69	-33.41
60544.37153	G05	-33.36	-33.36	-34.50
60544.37153	G07	-33.04	-32.84	-32.62
60544.37153	G09	-33.58	-33.53	-32.93
60544.37153	G14	-33.58	-33.60	-31.87
60544.37153	G16	-32.86	-32.57	-34.21
60544.37153	G20	-32.60	-32.45	-33.48
60544.37153	G30	-33.46	-33.40	-32.96
60544.37500	G04	-32.67	-32.55	-31.94
60544.37500	G05	-32.12	-32.22	-34.06
60544.37500	G07	-33.21	-33.13	-32.72
60544.37500	G09	-33.17	-33.17	-32.95
60544.37500	G14	-33.04	-32.88	-32.47
60544.37500	G16	-33.11	-33.43	-32.94
60544.37500	G20	-32.52	-32.40	-32.07
60544.37500	G30	-32.93	-32.90	-32.81
60544.37847	G04	-32.71	-32.54	-32.51
60544.37847	G05	-33.73	-33.72	-33.38
60544.37847	G07	-33.36	-33.25	-32.97
60544.37847	G09	-33.08	-32.89	-33.13
60544.37847	G14	-33.28	-33.44	-32.48
60544.37847	G16	-34.64	-34.76	-32.28
60544.37847	G20	-32.37	-32.31	-32.97
60544.37847	G30	-33.28	-33.15	-33.09
60544.38194	G04	-32.81	-32.68	-32.88
60544.38194	G05	-33.95	-33.58	-33.16
60544.38194	G07	-33.02	-32.94	-32.99
60544.38194	G09	-33.43	-33.35	-32.59
60544.38194	G14	-33.43	-33.50	-33.31
60544.38194	G20	-32.91	-32.91	-33.38
60544.38194	G30	-32.91	-32.80	-33.13
60544.38542	G04	-32.22	-32.12	-32.73
60544.38542	G05	-32.15	-31.70	-31.54
60544.38542	G07	-33.26	-33.21	-32.39
60544.38542	G09	-32.57	-32.49	-32.66
60544.38542	G14	-32.76	-32.74	-31.98
60544.38542	G20	-32.74	-32.71	-32.51
60544.38542	G30	-33.02	-32.95	-32.68
60544.38889	G04	-34.15	-34.03	-32.48
60544.38889	G05	-32.17	-32.04	-30.61
60544.38889	G07	-33.51	-33.46	-33.01
60544.38889	G08	-33.07	-33.27	-31.25
60544.38889	G09	-33.15	-33.06	-32.48
60544.38889	G14	-33.48	-33.44	-32.67
60544.38889	G20	-33.15	-33.06	-32.37
60544.38889	G22	-33.01	-33.00	-30.20
60544.38889	G30	-32.89	-32.79	-32.65
60544.39236	G04	-32.81	-32.77	-31.86
60544.39236	G05	-33.29	-32.86	-31.42
60544.39236	G07	-33.27	-33.19	-33.27
60544.39236	G08	-31.81	-31.85	-31.76
60544.39236	G09	-33.70	-33.59	-32.89
60544.39236	G14	-33.20	-33.10	-32.92
60544.39236	G20	-33.17	-33.07	-32.23
60544.39236	G22	-32.93	-32.60	-32.80
60544.39236	G30	-33.04	-32.98	-33.66
60544.39583	G04	-33.08	-32.88	-33.68
60544.39583	G05	-33.22	-33.19	-31.84
60544.39583	G07	-33.00	-32.93	-33.11
60544.39583	G08	-31.49	-31.41	-32.67
60544.39583	G09	-33.29	-33.25	-33.11
60544.39583	G14	-32.46	-32.36	-33.15
60544.39583	G20	-33.18	-33.04	-32.05
60544.39583	G22	-31.66	-31.27	-32.50
60544.39583	G30	-32.68	-32.57	-32.67
60544.39931	G04	-32.71	-32.60	-32.20
60544.39931	G05	-33.13	-33.10	-32.22
60544.39931	G07	-33.12	-32.94	-33.03
60544.39931	G08	-33.24	-33.11	-32.32
60544.39931	G09	-33.27	-33.18	-32.78
60544.39931	G14	-32.85	-32.78	-31.81
60544.39931	G20	-32.92	-32.85	-32.94
60544.39931	G22	-33.20	-33.06	-33.33
60544.39931	G30	-32.46	-32.40	-32.91
60544.40278	G04	-33.77	-33.66	-32.53
60544.40278	G05	-32.96	-32.94	-33.49
60544.40278	G07	-33.17	-33.06	-33.23
60544.40278	G08	-32.83	-32.40	-33.64
60544.40278	G09	-32.93	-32.73	-32.98
60544.40278	G14	-34.20	-34.08	-33.08
60544.40278	G20	-32.74	-32.66	-32.95
60544.40278	G22	-32.76	-32.92	-31.54
60544.40278	G30	-33.23	-33.13	-32.77
60544.40625	G04	-32.74	-32.39	-33.82
60544.40625	G05	-32.94	-32.86	-31.83
60544.40625	G07	-33.42	-33.29	-32.91
60544.40625	G08	-32.72	-32.50	-32.54
60544.40625	G09	-33.27	-33.15	-32.58
60544.40625	G14	-33.87	-33.79	-33.22
60544.40625	G20	-33.10	-32.97	-33.40
60544.40625	G22	-33.72	-33.56	-33.10
60544.40625	G30	-33.29	-33.19	-32.51
60544.40972	G04	-33.07	-32.58	-32.87
60544.40972	G05	-32.47	-32.44	-34.19
60544.40972	G07	-32.95	-32.92	-33.15
60544.40972	G08	-32.20	-32.12	-33.22
60544.40972	G09	-33.14	-33.08	-32.67
60544.40972	G14	-33.13	-32.99	-32.60
60544.40972	G20	-33.57	-33.47	-32.66
60544.40972	G22	-32.39	-32.36	-33.20
60544.40972	G30	-32.83	-32.80	-33.18
60544.41319	G04	-32.23	-31.71	-32.79
60544.41319	G05	-32.75	-32.74	-33.10
60544.41319	G07	-33.13	-33.14	-32.83
60544.41319	G08	-32.34	-32.11	-31.52
60544.41319	G09	-33.22	-33.16	-33.11
60544.41319	G14	-33.74	-33.67	-33.07
60544.41319	G20	-32.63	-32.50	-32.93
60544.41319	G22	-33.00	-33.09	-32.59
60544.41319	G30	-32.95	-32.84	-33.12
60544.41667	G05	-33.26	-33.36	-32.16
60544.41667	G07	-32.61	-32.54	-33.02
60544.41667	G08	-33.32	-33.20	-33.00
60544.41667	G09	-33.02	-32.97	-32.96
60544.41667	G13	-31.99	-31.85	-32.67
60544.41667	G14	-33.14	-33.09	-33.02
60544.41667	G20	-33.06	-32.99	-32.84
60544.41667	G22	-32.96	-32.88	-31.84
60544.41667	G30	-32.70	-32.64	-32.52
60544.42014	G05	-33.20	-33.18	-32.39
60544.42014	G07	-33.34	-33.34	-32.64
60544.42014	G08	-32.15	-32.07	-32.04
60544.42014	G09	-33.04	-33.10	-32.79
60544.42014	G13	-33.47	-33.58	-33.73
60544.42014	G14	-33.02	-33.01	-32.73
60544.42014	G20	-32.91	-32.80	-32.87
60544.42014	G22	-33.32	-33.29	-32.43
60544.42014	G30	-33.13	-33.05	-32.65
60544.42361	G05	-33.09	-32.99	-31.53
60544.42361	G07	-32.61	-32.57	-32.38
60544.42361	G08	-32.55	-32.37	-31.98
60544.42361	G09	-33.02	-32.91	-32.82
60544.42361	G13	-33.38	-33.37	-33.69
60544.42361	G14	-33.17	-33.13	-32.52
60544.42361	G20	-33.06	-32.93	-32.52
60544.42361	G22	-32.95	-32.86	-32.91
60544.42361	G30	-33.12	-33.04	-32.95
60544.42708	G05	-33.22	-33.15	-32.74
60544.42708	G07	-33.36	-33.31	-32.85
60544.42708	G08	-33.47	-33.32	-32.39
60544.42708	G09	-33.35	-33.23	-32.04
60544.42708	G13	-33.26	-33.35	-32.94
60544.42708	G14	-33.19	-33.16	-32.85
60544.42708	G20	-32.66	-32.61	-33.10
60544.42708	G22	-33.14	-33.06	-32.60
60544.42708	G30	-33.33	-33.28	-33.26
60544.43056	G05	-32.91	-32.83	-32.87
60544.43056	G07	-32.80	-32.78	-33.16
60544.43056	G08	-33.61	-33.67	-32.44
60544.43056	G09	-32.62	-32.55	-32.48
60544.43056	G13	-33.20	-33.16	-33.21
60544.43056	G14	-33.37	-33.26	-32.85
60544.43056	G20	-33.07	-32.99	-32.58
60544.43056	G22	-33.19	-33.15	-33.85
60544.43056	G30	-33.47	-33.39	-32.75
60544.43403	G05	-34.07	-34.05	-32.81
60544.43403	G07	-33.12	-33.07	-33.17
60544.43403	G08	-33.38	-33.37	-33.29
60544.43403	G09	-33.43	-33.39	-33.10
60544.43403	G13	-33.81	-33.74	-31.62
60544.43403	G14	-33.24	-33.11	-32.59
60544.43403	G20	-33.57	-33.49	-33.56
60544.43403	G22	-33.58	-33.44	-32.18
60544.43403	G30	-33.44	-33.35	-33.21
60544.43750	G05	-32.42	-32.35	-32.31
60544.43750	G07	-33.31	-33.21	-33.06
60544.43750	G08	-32.42	-32.36	-33.24
60544.43750	G09	-33.07	-32.96	-32.14
60544.43750	G13	-33.16	-32.91	-33.37
60544.43750	G14	-33.38	-33.32	-33.33
60544.43750	G20	-33.10	-33.01	-32.91
60544.43750	G22	-32.78	-32.71	-33.16
60544.43750	G30	-32.73	-32.59	-32.70
60544.44097	G05	-33.33	-33.26	-32.64
60544.44097	G07	-33.19	-33.15	-32.97
60544.44097	G08	-33.24	-33.13	-34.09
60544.44097	G09	-33.21	-33.18	-33.06
60544.44097	G13	-32.97	-32.90	-32.86
60544.44097	G14	-33.49	-33.46	-32.24
60544.44097	G20	-33.35	-33.22	-32.58
60544.44097	G22	-32.98	-32.83	-33.26
60544.44097	G30	-33.49	-33.36	-33.43
60544.44444	G05	-32.57	-32.54	-32.81
60544.44444	G07	-32.85	-32.77	-33.00
60544.44444	G08	-32.76	-32.61	-32.91
60544.44444	G09	-32.78	-32.64	-32.46
60544.44444	G13	-32.63	-32.60	-33.24
60544.44444	G14	-32.94	-32.88	-33.71
60544.44444	G20	-32.96	-32.81	-33.17
60544.44444	G22	-33.47	-33.38	-32.74
60544.44444	G30	-33.22	-33.12	-32.79
60544.44792	G05	-33.82	-33.68	-32.37
60544.44792	G07	-33.19	-33.13	-33.08
60544.44792	G08	-31.77	-31.49	-32.91
60544.44792	G09	-32.94	-32.91	-33.64
60544.44792	G13	-33.22	-33.08	-32.80
60544.44792	G14	-33.34	-33.21	-32.91
60544.44792	G20	-33.12	-33.04	-32.22
60544.44792	G22	-33.18	-33.07	-33.77
60544.44792	G30	-33.19	-33.11	-33.64
60544.45139	G05	-32.94	-32.87	-33.47
60544.45139	G07	-32.45	-32.55	-32.52
60544.45139	G08	-33.00	-32.62	-33.51
60544.45139	G09	-32.71	-32.65	-32.72
60544.45139	G13	-33.03	-32.86	-32.16
60544.45139	G14	-33.55	-33.44	-32.77
60544.45139	G15	-32.77	-33.22	-33.25
60544.45139	G20	-33.50	-33.50	-32.48
60544.45139	G22	-33.29	-33.21	-32.85
60544.45139	G30	-33.47	-33.39	-33.45
60544.45486	G05	-33.12	-33.01	-32.78
60544.45486	G07	-33.39	-33.36	-32.70
60544.45486	G08	-33.01	-32.72	-34.36
60544.45486	G09	-32.74	-32.65	-33.82
60544.45486	G13	-33.36	-33.22	-32.47
60544.45486	G14	-32.76	-32.67	-32.78
60544.45486	G15	-32.90	-33.09	-34.00
60544.45486	G20	-33.41	-33.34	-32.85
60544.45486	G22	-33.30	-33.18	-32.70
60544.45486	G30	-33.29	-33.20	-33.14
60544.45833	G05	-33.53	-33.40	-32.81
60544.45833	G07	-32.86	-32.69	-33.20
60544.45833	G08	-33.86	-33.81	-31.46
60544.45833	G09	-32.51	-32.44	-32.56
60544.45833	G13	-33.40	-33.34	-33.51
60544.45833	G14	-32.89	-32.78	-32.92
60544.45833	G15	-33.15	-33.16	-32.79
60544.45833	G20	-33.27	-33.18	-32.79
60544.45833	G22	-32.71	-32.52	-32.99
60544.45833	G30	-33.53	-33.44	-32.93
60544.46181	G05	-33.21	-33.07	-32.37
60544.46181	G07	-32.77	-32.64	-32.86
60544.46181	G08	-33.14	-33.14	-31.90
60544.46181	G09	-33.42	-33.29	-31.55
60544.46181	G13	-32.96	-32.86	-32.05
60544.46181	G14	-33.31	-33.25	-32.89
60544.46181	G15	-31.92	-32.20	-32.38
60544.46181	G17	-32.97	-32.68	-32.53
60544.46181	G20	-32.81	-32.69	-32.47
60544.46181	G22	-33.62	-33.49	-32.45
60544.46181	G30	-33.10	-33.01	-32.59
60544.46528	G05	-32.95	-32.86	-33.46
60544.46528	G07	-33.31	-33.28	-32.45
60544.46528	G08	-33.42	-33.97	-31.09
60544.46528	G09	-32.14	-31.93	-32.16
60544.46528	G13	-33.38	-33.38	-33.40
60544.46528	G14	-32.92	-32.82	-32.85
60544.46528	G15	-33.97	-33.87	-32.85
60544.46528	G17	-32.92	-32.84	-32.79
60544.46528	G20	-33.85	-33.70	-31.71
60544.46528	G22	-33.13	-32.98	-32.87
60544.46528	G30	-32.88	-32.79	-33.03
60544.46875	G05	-32.75	-32.73	-33.35
60544.46875	G07	-33.74	-33.77	-32.59
60544.46875	G08	-32.75	-32.66	-32.79
60544.46875	G09	-33.00	-32.95	-33.51
60544.46875	G13	-33.58	-33.51	-32.58
60544.46875	G14	-32.97	-32.93	-32.99
60544.46875	G15	-33.05	-32.75	-31.86
60544.46875	G17	-32.88	-32.84	-32.58
60544.46875	G20	-33.14	-33.00	-33.37
60544.46875	G22	-32.62	-32.56	-33.42
60544.46875	G30	-32.89	-32.75	-33.44
60544.47222	G05	-33.03	-32.98	-32.65
60544.47222	G07	-32.82	-32.79	-32.42
60544.47222	G08	-33.02	-32.86	-34.81
60544.47222	G13	-33.13	-33.03	-33.78
60544.47222	G14	-32.97	-32.97	-33.23
60544.47222	G15	-34.30	-34.02	-34.35
60544.47222	G17	-33.05	-33.01	-32.04
60544.47222	G20	-33.00	-32.84	-33.88
60544.47222	G22	-33.41	-33.37	-32.75
60544.47222	G30	-32.94	-32.81	-32.52
60544.47569	G05	-33.41	-33.30	-32.46
60544.47569	G07	-32.81	-32.60	-32.38
60544.47569	G08	-31.60	-31.23	-33.86
60544.47569	G13	-33.35	-33.17	-32.74
60544.47569	G14	-33.10	-33.09	-32.70
60544.47569	G15	-33.06	-32.85	-33.12
60544.47569	G17	-32.89	-32.86	-32.34
60544.47569	G19	-32.79	-32.77	-32.61
60544.47569	G20	-33.22	-33.14	-33.26
60544.47569	G22	-33.12	-33.03	-32.93
60544.47569	G30	-33.03	-32.94	-32.95
60544.47917	G05	-32.91	-32.85	-32.74
60544.47917	G07	-32.59	-32.57	-32.42
60544.47917	G13	-33.33	-33.23	-33.16
60544.47917	G14	-33.28	-33.24	-32.46
60544.47917	G15	-32.83	-32.52	-32.56
60544.47917	G17	-33.60	-33.52	-32.08
60544.47917	G19	-32.86	-32.68	-31.81
60544.47917	G20	-33.17	-33.07	-32.50
60544.47917	G22	-33.35	-33.25	-32.88
60544.47917	G30	-33.57	-33.52	-33.07
60544.48264	G05	-32.94	-32.85	-32.62
60544.48264	G07	-33.05	-33.00	-33.25
60544.48264	G13	-33.28	-33.18	-33.20
60544.48264	G14	-32.93	-32.80	-33.21
60544.48264	G15	-33.28	-33.10	-32.75
60544.48264	G17	-33.55	-33.50	-32.22
60544.48264	G19	-32.91	-32.93	-32.84
60544.48264	G20	-32.78	-32.65	-31.23
60544.48264	G22	-33.51	-33.41	-32.90
60544.48264	G30	-33.22	-33.12	-32.70
60544.48611	G05	-33.22	-33.07	-33.57
60544.48611	G07	-32.57	-32.54	-32.75
60544.48611	G13	-32.91	-32.78	-33.13
60544.48611	G14	-32.65	-32.54	-33.16
60544.48611	G15	-33.03	-32.81	-32.41
60544.48611	G17	-33.18	-33.12	-32.26
60544.48611	G19	-32.05	-32.23	-31.37
60544.48611	G20	-32.97	-32.82	-32.02
60544.48611	G22	-33.47	-33.38	-32.93
60544.48611	G30	-33.19	-33.16	-32.88
60544.48958	G05	-33.24	-33.12	-33.29
60544.48958	G07	-31.93	-31.80	-31.95
60544.48958	G13	-33.39	-33.27	-32.81
60544.48958	G14	-32.72	-32.62	-33.33
60544.48958	G15	-32.80	-32.62	-32.57
60544.48958	G17	-34.16	-34.02	-32.54
60544.48958	G19	-32.87	-32.78	-32.42
60544.48958	G20	-33.10	-32.86	-32.38
60544.48958	G22	-33.29	-33.20	-32.94
60544.48958	G30	-33.51	-33.46	-32.69
60544.49306	G05	-32.29	-32.20	-32.24
60544.49306	G07	-33.18	-33.23	-31.98
60544.49306	G13	-32.90	-32.74	-32.90
60544.49306	G14	-32.78	-32.70	-33.15
60544.49306	G15	-33.44	-33.36	-32.76
60544.49306	G17	-33.51	-33.27	-33.07
60544.49306	G19	-32.43	-32.37	-32.80
60544.49306	G22	-32.89	-32.77	-32.99
60544.49306	G30	-33.50	-33.45	-32.69
60544.49653	G05	-32.93	-32.88	-33.15
60544.49653	G07	-33.03	-33.03	-33.06
60544.49653	G13	-33.20	-33.09	-33.10
60544.49653	G14	-33.48	-33.35	-33.12
60544.49653	G15	-32.69	-32.51	-33.65
60544.49653	G17	-33.09	-32.88	-32.34
60544.49653	G19	-32.81	-32.64	-31.26
60544.49653	G22	-33.04	-32.94	-33.03
60544.49653	G30	-33.51	-33.43	-33.57
60544.50000	G05	-32.67	-32.61	-33.74
60544.50000	G07	-34.00	-34.09	-32.45
60544.50000	G13	-33.13	-33.01	-33.27
60544.50000	G14	-33.05	-32.93	-32.97
60544.50000	G15	-33.41	-33.32	-32.31
60544.50000	G17	-33.19	-33.11	-33.41
60544.50000	G19	-32.69	-32.61	-33.35
60544.50000	G22	-33.35	-33.29	-33.21
60544.50000	G30	-33.57	-33.52	-33.10
60544.50347	G05	-33.61	-33.52	-32.73
60544.50347	G07	-32.42	-32.54	-34.37
60544.50347	G13	-33.30	-33.18	-32.59
60544.50347	G14	-32.67	-32.61	-32.64
60544.50347	G15	-33.32	-33.34	-33.08
60544.50347	G17	-32.92	-32.75	-32.66
60544.50347	G19	-32.41	-32.33	-33.29
60544.50347	G22	-33.22	-33.17	-32.79
60544.50347	G30	-33.16	-33.14	-32.42
60544.50694	G05	-33.07	-33.02	-33.03
60544.50694	G07	-33.08	-33.26	-32.25
60544.50694	G13	-33.03	-32.97	-33.03
60544.50694	G14	-33.27	-33.23	-32.65
60544.50694	G15	-33.35	-33.24	-32.48
60544.50694	G17	-32.69	-32.53	-33.11
60544.50694	G19	-33.50	-33.39	-33.11
60544.50694	G22	-32.92	-32.85	-32.73
60544.50694	G30	-32.94	-32.77	-32.70
60544.51042	G05	-33.22	-33.12	-32.94
60544.51042	G07	-32.68	-32.24	-31.85
60544.51042	G13	-32.80	-32.73	-32.84
60544.51042	G14	-32.66	-32.58	-32.96
60544.51042	G15	-32.67	-32.54	-33.00
60544.51042	G17	-32.84	-32.61	-32.82
60544.51042	G19	-33.31	-33.17	-31.76
60544.51042	G22	-33.09	-32.98	-33.16
60544.51042	G30	-33.35	-33.22	-33.35
60544.51389	G05	-32.82	-32.76	-31.50
60544.51389	G07	-33.38	-33.49	-33.23
60544.51389	G13	-32.94	-32.79	-32.97
60544.51389	G14	-33.51	-33.47	-32.50
60544.51389	G15	-33.14	-33.03	-33.32
60544.51389	G17	-33.65	-33.59	-32.79
60544.51389	G19	-33.17	-33.03	-31.88
60544.51389	G22	-32.96	-32.89	-32.95
60544.51389	G30	-32.97	-32.78	-32.69
60544.51736	G05	-32.28	-32.12	-32.57
60544.51736	G13	-32.95	-32.82	-32.96
60544.51736	G14	-33.50	-33.46	-33.12
60544.51736	G15	-33.41	-33.33	-32.24
60544.51736	G17	-33.23	-33.16	-32.73
60544.51736	G19	-32.85	-32.68	-32.59
60544.51736	G22	-33.39	-33.36	-33.07
60544.51736	G30	-33.33	-33.15	-32.36
60544.52083	G13	-33.20	-33.09	-33.07
60544.52083	G14	-33.28	-33.24	-32.77
60544.52083	G15	-33.60	-33.47	-32.73
60544.52083	G17	-33.20	-33.16	-32.50
60544.52083	G19	-32.86	-32.83	-32.39
60544.52083	G22	-33.46	-33.36	-32.78
60544.52083	G30	-34.08	-33.96	-32.76
60544.52431	G13	-33.30	-33.20	-32.69
60544.52431	G14	-33.04	-33.01	-33.26
60544.52431	G15	-33.19	-33.00	-32.64
60544.52431	G17	-33.45	-33.35	-33.17
60544.52431	G19	-32.75	-32.67	-32.16
60544.52431	G22	-33.00	-32.92	-32.84
60544.52431	G30	-32.66	-32.52	-33.39
60544.52778	G13	-33.06	-32.96	-32.83
60544.52778	G14	-33.25	-33.13	-33.05
60544.52778	G15	-33.62	-33.33	-32.25
60544.52778	G17	-32.72	-32.62	-33.36
60544.52778	G19	-33.80	-33.84	-33.52
60544.52778	G22	-33.18	-33.11	-33.06
60544.52778	G30	-32.70	-32.54	-32.38
60544.53125	G13	-33.19	-33.11	-32.73
60544.53125	G14	-32.90	-32.80	-33.23
60544.53125	G15	-33.05	-32.84	-33.27
60544.53125	G17	-33.50	-33.45	-32.50
60544.53125	G19	-33.09	-33.07	-32.81
60544.53125	G22	-33.50	-33.44	-33.39
60544.53125	G24	-32.37	-32.26	-33.03
60544.53125	G30	-33.40	-33.15	-32.76
60544.53472	G13	-32.68	-32.62	-33.34
60544.53472	G14	-33.13	-33.08	-32.72
60544.53472	G15	-32.89	-32.79	-33.21
60544.53472	G17	-33.82	-33.73	-32.82
60544.53472	G19	-33.66	-33.59	-33.67
60544.53472	G22	-33.23	-33.19	-32.76
60544.53472	G23	-33.49	-33.59	-31.82
60544.53472	G24	-34.39	-34.64	-33.29
60544.53472	G30	-33.21	-33.00	-32.74
60544.53819	G13	-33.33	-33.27	-32.84
60544.53819	G14	-33.41	-33.48	-32.73
60544.53819	G15	-33.14	-32.95	-32.60
60544.53819	G17	-32.73	-32.60	-32.99
60544.53819	G19	-33.35	-33.29	-32.62
60544.53819	G22	-33.14	-33.05	-32.91
60544.53819	G23	-35.33	-35.56	-34.89
60544.53819	G24	-33.05	-32.94	-33.73
60544.53819	G30	-33.54	-33.35	-31.81
60544.54167	G13	-33.27	-33.17	-33.02
60544.54167	G14	-33.17	-33.10	-32.98
60544.54167	G15	-32.91	-32.76	-33.06
60544.54167	G17	-33.24	-33.12	-32.61
60544.54167	G19	-33.40	-33.28	-32.58
60544.54167	G22	-33.34	-33.27	-32.96
60544.54167	G24	-33.07	-32.83	-32.25
60544.54167	G30	-32.30	-32.09	-32.27
60544.54514	G13	-33.37	-33.28	-32.68
60544.54514	G14	-33.13	-33.01	-32.52
60544.54514	G15	-33.00	-32.92	-33.21
60544.54514	G17	-33.10	-32.97	-32.87
60544.54514	G19	-33.29	-33.22	-32.96
60544.54514	G22	-33.40	-33.38	-33.17
60544.54514	G24	-33.14	-33.07	-32.26
60544.54514	G30	-32.71	-32.59	-33.20
60544.54861	G13	-33.26	-33.16	-33.16
60544.54861	G14	-33.37	-33.26	-33.29
60544.54861	G15	-33.47	-33.34	-32.59
60544.54861	G17	-33.02	-32.90	-33.05
60544.54861	G19	-33.48	-33.36	-32.55
60544.54861	G22	-33.30	-33.24	-33.16
60544.54861	G24	-33.23	-33.13	-33.11
60544.54861	G30	-32.88	-32.65	-34.05
60544.55208	G13	-33.28	-33.21	-32.80
60544.55208	G14	-33.11	-33.11	-32.65
60544.55208	G15	-32.99	-32.88	-33.36
60544.55208	G17	-33.21	-33.11	-32.87
60544.55208	G19	-33.85	-33.79	-33.10
60544.55208	G22	-33.56	-33.54	-33.07
60544.55208	G24	-32.83	-32.73	-32.33
60544.55208	G30	-33.26	-33.09	-32.97
60544.55556	G13	-33.17	-33.08	-32.97
60544.55556	G14	-33.21	-33.28	-32.78
60544.55556	G15	-33.12	-33.01	-33.58
60544.55556	G17	-33.04	-32.93	-33.18
60544.55556	G19	-33.79	-33.80	-32.97
60544.55556	G22	-32.90	-32.84	-33.19
60544.55556	G24	-33.17	-32.99	-32.80
60544.55556	G30	-33.01	-32.97	-33.07
60544.55903	G13	-32.72	-32.63	-33.44
60544.55903	G14	-33.86	-33.99	-32.61
60544.55903	G15	-32.98	-32.86	-32.92
60544.55903	G17	-33.48	-33.38	-33.22
60544.55903	G19	-32.81	-32.73	-32.71
60544.55903	G22	-33.17	-33.16	-32.51
60544.55903	G24	-33.48	-33.28	-31.40
60544.55903	G30	-32.43	-32.45	-32.90
60544.56250	G13	-32.90	-32.74	-32.44
60544.56250	G14	-32.98	-33.01	-32.11
60544.56250	G15	-33.40	-33.30	-33.12
60544.56250	G17	-33.33	-33.27	-33.28
60544.56250	G19	-33.06	-32.95	-33.19
60544.56250	G22	-32.79	-32.69	-33.14
60544.56250	G24	-32.44	-32.35	-32.74
60544.56250	G30	-32.73	-32.63	-32.77
60544.56597	G13	-33.28	-33.14	-33.44
60544.56597	G14	-31.55	-31.67	-32.38
60544.56597	G15	-33.08	-32.95	-32.65
60544.56597	G17	-33.15	-33.10	-32.53
60544.56597	G19	-33.03	-32.93	-32.90
60544.56597	G22	-32.87	-32.87	-32.60
60544.56597	G24	-32.82	-32.65	-33.19
60544.56597	G30	-32.64	-32.36	-33.36
60544.56944	G12	-31.24	-31.24	-33.16
60544.56944	G13	-33.07	-33.01	-32.30
60544.56944	G14	-32.86	-32.94	-32.55
60544.56944	G15	-33.33	-33.24	-33.00
60544.56944	G17	-33.54	-33.50	-32.72
60544.56944	G19	-32.99	-32.86	-32.72
60544.56944	G22	-33.28	-33.22	-33.14
60544.56944	G24	-33.44	-33.39	-32.76
60544.56944	G30	-32.75	-32.40	-33.18
60544.57292	G13	-33.22	-33.09	-33.21
60544.57292	G14	-33.91	-33.78	-33.30
60544.57292	G15	-33.08	-33.00	-32.99
60544.57292	G17	-33.40	-33.32	-32.83
60544.57292	G19	-33.22	-33.10	-33.21
60544.57292	G22	-33.09	-33.04	-32.95
60544.57292	G24	-32.46	-32.38	-32.95
60544.57292	G30	-32.64	-32.40	-33.36
60544.57639	G13	-32.88	-32.81	-32.78
60544.57639	G14	-33.30	-33.13	-32.32
60544.57639	G15	-33.04	-32.96	-33.20
60544.57639	G17	-32.86	-32.78	-33.03
60544.57639	G19	-33.19	-33.11	-32.98
60544.57639	G22	-32.96	-32.92	-32.81
60544.57639	G24	-33.30	-33.27	-32.91
60544.57639	G30	-33.44	-33.45	-32.94
60544.57986	G12	-33.62	-33.31	-33.80
60544.57986	G13	-33.26	-33.19	-32.55
60544.57986	G14	-32.41	-32.38	-32.26
60544.57986	G15	-33.69	-33.65	-32.73
60544.57986	G17	-33.01	-32.96	-33.12
60544.57986	G19	-32.93	-32.87	-33.42
60544.57986	G22	-33.66	-33.61	-33.26
60544.57986	G24	-32.72	-32.73	-33.02
60544.57986	G30	-33.00	-32.81	-33.43
60544.58333	G06	-32.97	-33.02	-33.33
60544.58333	G12	-33.39	-33.25	-33.00
60544.58333	G13	-33.21	-33.11	-32.67
60544.58333	G14	-33.20	-33.20	-32.74
60544.58333	G15	-32.45	-32.38	-33.61
60544.58333	G17	-33.32	-33.22	-32.96
60544.58333	G19	-33.47	-33.38	-32.96
60544.58333	G22	-33.42	-33.39	-32.78
60544.58333	G24	-32.96	-32.95	-33.73
60544.58681	G06	-31.90	-31.74	-32.06
60544.58681	G12	-32.80	-32.68	-32.25
60544.58681	G13	-33.07	-33.04	-32.84
60544.58681	G14	-32.63	-32.45	-32.57
60544.58681	G15	-33.32	-33.21	-32.39
60544.58681	G17	-33.11	-33.03	-32.73
60544.58681	G19	-33.15	-33.09	-33.06
60544.58681	G22	-32.72	-32.66	-32.57
60544.58681	G24	-32.76	-32.61	-32.97
60544.59028	G06	-32.85	-32.78	-33.41
60544.59028	G12	-32.29	-32.24	-32.47
60544.59028	G13	-32.84	-32.78	-33.12
60544.59028	G14	-33.51	-33.32	-33.22
60544.59028	G15	-33.23	-33.11	-33.20
60544.59028	G17	-33.37	-33.32	-32.73
60544.59028	G19	-32.85	-32.78	-33.04
60544.59028	G22	-33.82	-33.70	-32.58
60544.59028	G24	-32.66	-32.60	-32.51
60544.59375	G06	-33.20	-33.22	-33.00
60544.59375	G12	-33.31	-33.10	-33.54
60544.59375	G13	-33.11	-33.07	-32.98
60544.59375	G14	-31.61	-31.45	-33.46
60544.59375	G15	-33.14	-33.03	-32.50
60544.59375	G17	-33.23	-33.15	-32.71
60544.59375	G19	-33.22	-33.12	-32.73
60544.59375	G22	-33.03	-32.93	-33.09
60544.59375	G24	-32.86	-32.74	-33.16
60544.59722	G06	-33.55	-33.50	-32.65
60544.59722	G12	-33.07	-32.91	-33.01
60544.59722	G13	-33.54	-33.49	-33.84
60544.59722	G14	-33.04	-33.04	-32.84
60544.59722	G15	-32.78	-32.71	-33.29
60544.59722	G17	-33.37	-33.24	-32.64
60544.59722	G19	-33.17	-33.04	-32.88
60544.59722	G22	-33.22	-33.10	-32.33
60544.59722	G24	-33.27	-33.18	-32.81
60544.60069	G06	-32.24	-32.11	-32.41
60544.60069	G12	-33.38	-33.27	-33.20
60544.60069	G13	-33.14	-33.07	-33.05
60544.60069	G14	-32.05	-31.47	-32.41
60544.60069	G15	-33.19	-33.12	-33.12
60544.60069	G17	-33.26	-33.19	-33.62
60544.60069	G19	-32.95	-32.85	-32.51
60544.60069	G22	-33.05	-32.81	-33.46
60544.60069	G24	-33.18	-33.10	-32.76
60544.60417	G06	-32.86	-32.66	-32.25
60544.60417	G12	-32.79	-32.61	-32.39
60544.60417	G13	-32.97	-32.68	-32.77
60544.60417	G14	-33.11	-32.58	-32.11
60544.60417	G15	-32.88	-32.79	-32.31
60544.60417	G17	-32.82	-32.69	-32.27
60544.60417	G19	-33.37	-33.29	-32.91
60544.60417	G22	-32.89	-32.75	-32.11
60544.60417	G24	-33.32	-33.29	-32.74
60544.60764	G06	-32.76	-32.59	-32.93
60544.60764	G12	-32.61	-32.45	-32.49
60544.60764	G13	-33.21	-33.08	-31.86
60544.60764	G14	-33.73	-33.76	-34.32
60544.60764	G15	-33.02	-32.90	-33.08
60544.60764	G17	-33.21	-33.00	-32.75
60544.60764	G19	-33.18	-33.10	-32.84
60544.60764	G22	-33.22	-33.20	-33.22
60544.60764	G24	-33.38	-33.34	-32.60
60544.61111	G06	-33.20	-33.16	-33.02
60544.61111	G12	-33.08	-32.96	-32.10
60544.61111	G13	-33.40	-33.35	-31.82
60544.61111	G14	-32.56	-32.39	-34.10
60544.61111	G15	-32.95	-32.88	-33.16
60544.61111	G17	-32.98	-32.84	-32.51
60544.61111	G19	-33.25	-33.14	-33.04
60544.61111	G22	-32.84	-32.70	-33.13
60544.61111	G24	-33.47	-33.48	-33.11
60544.61458	G06	-33.00	-33.03	-32.48
60544.61458	G12	-32.35	-32.22	-32.52
60544.61458	G13	-33.23	-33.22	-32.90
60544.61458	G15	-33.71	-33.62	-32.21
60544.61458	G17	-33.01	-32.93	-33.89
60544.61458	G19	-33.05	-32.98	-33.50
60544.61458	G22	-32.21	-32.18	-32.04
60544.61458	G24	-33.46	-33.43	-33.16
60544.61806	G06	-33.22	-33.26	-32.80
60544.61806	G11	-33.21	-32.66	-34.44
60544.61806	G12	-33.05	-32.95	-33.16
60544.61806	G13	-32.77	-32.59	-32.33
60544.61806	G15	-32.98	-32.85	-33.50
60544.61806	G17	-33.35	-33.44	-33.30
60544.61806	G19	-33.11	-33.12	-32.78
60544.61806	G22	-33.83	-33.87	-33.40
60544.61806	G24	-33.31	-33.26	-33.27
60544.62153	G06	-33.09	-32.92	-32.65
60544.62153	G11	-33.03	-32.95	-32.43
60544.62153	G12	-32.89	-32.74	-33.36
60544.62153	G13	-32.93	-32.52	-32.18
60544.62153	G15	-33.05	-32.92	-32.88
60544.62153	G17	-32.93	-33.06	-32.03
60544.62153	G19	-33.13	-33.05	-32.72
60544.62153	G22	-32.79	-32.70	-32.26
60544.62153	G24	-32.84	-32.72	-33.26
60544.62500	G06	-33.40	-33.24	-33.39
60544.62500	G11	-33.16	-33.20	-32.50
60544.62500	G12	-32.81	-32.66	-32.61
60544.62500	G13	-33.10	-32.83	-32.51
60544.62500	G15	-33.08	-32.98	-32.73
60544.62500	G17	-32.63	-32.63	-32.48
60544.62500	G19	-33.25	-33.26	-32.94
60544.62500	G22	-33.07	-32.95	-32.64
60544.62500	G24	-32.99	-32.92	-32.85
60544.62847	G06	-32.73	-32.57	-32.23
60544.62847	G11	-33.39	-33.31	-33.12
60544.62847	G12	-33.84	-33.68	-33.05
60544.62847	G13	-31.92	-31.80	-33.06
60544.62847	G15	-32.91	-32.98	-33.14
60544.62847	G17	-33.02	-33.12	-32.90
60544.62847	G19	-33.29	-33.26	-32.75
60544.62847	G22	-32.98	-32.75	-32.51
60544.62847	G24	-33.21	-33.18	-33.13
60544.63194	G06	-32.81	-32.69	-33.48
60544.63194	G11	-32.66	-32.66	-32.96
60544.63194	G12	-33.25	-33.15	-32.37
60544.63194	G13	-32.22	-32.06	-31.85
60544.63194	G15	-33.28	-33.21	-33.41
60544.63194	G17	-33.60	-33.81	-33.09
60544.63194	G19	-33.02	-32.99	-33.15
60544.63194	G22	-33.78	-33.62	-32.57
60544.63194	G24	-33.43	-33.33	-33.12
60544.63542	G06	-33.71	-33.62	-32.50
60544.63542	G11	-32.53	-32.42	-32.58
60544.63542	G12	-33.17	-33.03	-32.91
60544.63542	G13	-32.75	-32.37	-32.87
60544.63542	G15	-33.71	-33.58	-33.34
60544.63542	G17	-32.63	-32.53	-32.27
60544.63542	G19	-32.95	-33.02	-33.13
60544.63542	G22	-33.04	-33.00	-33.55
60544.63542	G24	-33.21	-33.10	-32.99
60544.63542	G32	-32.35	-32.31	-32.61
60544.63889	G06	-32.80	-32.77	-32.72
60544.63889	G11	-33.32	-33.26	-33.01
60544.63889	G12	-33.35	-33.22	-33.26
60544.63889	G13	-33.21	-33.38	-32.63
60544.63889	G15	-33.08	-32.87	-33.31
60544.63889	G17	-33.15	-33.11	-32.53
60544.63889	G19	-33.11	-33.16	-33.17
60544.63889	G22	-32.30	-32.27	-32.56
60544.63889	G24	-33.34	-33.24	-33.18
60544.63889	G32	-32.85	-32.90	-33.58
60544.64236	G06	-32.84	-32.80	-32.93
60544.64236	G11	-33.38	-33.27	-32.03
60544.64236	G12	-33.32	-33.30	-32.93
60544.64236	G13	-32.69	-33.07	-33.21
60544.64236	G15	-33.11	-33.02	-32.41
60544.64236	G17	-33.39	-33.38	-34.20
60544.64236	G19	-33.01	-33.10	-33.14
60544.64236	G22	-33.04	-33.13	-32.95
60544.64236	G24	-33.26	-33.13	-32.97
60544.64236	G32	-31.91	-31.89	-33.00
60544.64583	G06	-33.46	-33.40	-32.48
60544.64583	G11	-32.98	-32.89	-32.99
60544.64583	G12	-33.52	-33.45	-32.97
60544.64583	G13	-33.98	-34.03	-33.12
60544.64583	G15	-32.99	-32.94	-31.97
60544.64583	G17	-32.07	-32.29	-33.36
60544.64583	G19	-33.57	-33.51	-33.53
60544.64583	G22	-31.20	-31.81	-32.02
60544.64583	G24	-33.11	-33.02	-33.36
60544.64583	G25	-33.04	-32.86	-33.78
60544.64583	G32	-31.90	-31.84	-33.65
60544.64931	G06	-33.16	-33.13	-33.18
60544.64931	G11	-33.37	-33.42	-32.98
60544.64931	G12	-33.16	-33.11	-32.63
60544.64931	G13	-33.74	-33.51	-34.42
60544.64931	G15	-31.99	-31.84	-33.12
60544.64931	G17	-33.08	-33.18	-32.30
60544.64931	G19	-33.22	-33.10	-32.47
60544.64931	G24	-33.12	-33.05	-32.72
60544.64931	G25	-32.44	-32.32	-31.09
60544.64931	G32	-32.12	-32.25	-31.67
60544.65278	G06	-33.27	-33.21	-32.53
60544.65278	G11	-33.60	-33.43	-32.97
60544.65278	G12	-32.98	-32.90	-32.28
60544.65278	G15	-33.52	-33.37	-31.43
60544.65278	G17	-31.89	-31.79	-33.23
60544.65278	G19	-32.95	-32.76	-32.28
60544.65278	G24	-32.91	-32.80	-32.63
60544.65278	G25	-33.58	-33.68	-32.44
60544.65278	G32	-31.37	-31.26	-31.97
60544.65625	G06	-32.73	-32.61	-32.56
60544.65625	G11	-33.18	-33.13	-32.92
60544.65625	G12	-33.33	-33.31	-32.52
60544.65625	G15	-32.91	-32.71	-32.19
60544.65625	G17	-33.72	-34.40	-34.64
60544.65625	G19	-32.93	-32.74	-32.91
60544.65625	G24	-32.96	-32.86	-33.16
60544.65625	G25	-33.73	-33.66	-32.77
60544.65625	G32	-32.09	-31.63	-33.42
60544.65972	G06	-33.28	-33.16	-32.15
60544.65972	G11	-33.42	-33.29	-32.95
60544.65972	G12	-32.64	-32.55	-32.57
60544.65972	G15	-32.40	-32.32	-32.57
60544.65972	G17	-32.25	-31.74	-32.17
60544.65972	G19	-33.39	-33.30	-32.78
60544.65972	G24	-33.05	-32.94	-32.57
60544.65972	G25	-33.10	-33.12	-32.85
60544.65972	G32	-32.81	-32.89	-32.20
60544.66319	G06	-32.91	-32.71	-33.43
60544.66319	G11	-33.23	-33.12	-32.71
60544.66319	G12	-32.78	-32.62	-33.36
60544.66319	G15	-32.98	-32.94	-33.08
60544.66319	G19	-33.35	-33.15	-30.65
60544.66319	G24	-32.90	-32.81	-32.92
60544.66319	G25	-32.60	-32.52	-33.17
60544.66319	G29	-32.23	-31.76	-33.60
60544.66319	G32	-33.07	-33.12	-33.50
60544.66667	G06	-33.73	-33.63	-32.96
60544.66667	G11	-33.93	-33.83	-32.90
60544.66667	G12	-33.33	-33.25	-32.94
60544.66667	G15	-32.79	-32.85	-31.16
60544.66667	G19	-34.38	-33.69	-32.45
60544.66667	G24	-33.23	-33.13	-32.74
60544.66667	G25	-32.84	-32.90	-32.54
60544.66667	G29	-33.29	-32.89	-32.52
60544.67014	G06	-33.89	-33.81	-32.07
60544.67014	G11	-32.87	-32.84	-32.46
60544.67014	G12	-33.08	-32.99	-33.18
60544.67014	G19	-32.40	-32.37	-33.16
60544.67014	G24	-33.16	-33.08	-33.18
60544.67014	G25	-32.52	-32.44	-33.46
60544.67014	G29	-33.60	-33.40	-32.79
60544.67361	G06	-33.42	-33.36	-32.94
60544.67361	G11	-32.74	-32.75	-32.70
60544.67361	G12	-33.45	-33.34	-33.11
60544.67361	G19	-32.53	-32.78	-33.34
60544.67361	G24	-33.34	-33.29	-32.77
60544.67361	G25	-32.96	-32.96	-32.79
60544.67361	G29	-33.08	-32.97	-32.78
60544.67361	G32	-32.04	-31.98	-32.35
60544.67708	G06	-33.27	-33.18	-32.88
60544.67708	G11	-33.35	-33.36	-32.87
60544.67708	G12	-33.01	-32.90	-32.42
60544.67708	G19	-31.69	-31.74	-32.92
60544.67708	G24	-33.48	-33.35	-32.95
60544.67708	G25	-33.14	-33.17	-33.19
60544.67708	G29	-32.60	-32.56	-33.75
60544.67708	G32	-33.06	-32.50	-31.91
60544.68056	G06	-32.70	-32.66	-32.52
60544.68056	G11	-32.93	-32.94	-33.30
60544.68056	G12	-33.57	-33.44	-33.20
60544.68056	G19	-32.33	-32.14	-32.40
60544.68056	G24	-32.75	-32.61	-32.40
60544.68056	G25	-33.29	-33.31	-33.00
60544.68056	G29	-33.51	-33.42	-32.44
60544.68056	G32	-34.10	-32.74	-32.41
60544.68403	G06	-33.27	-33.06	-32.57
60544.68403	G11	-33.95	-33.89	-32.46
60544.68403	G12	-33.57	-33.49	-32.86
60544.68403	G19	-32.61	-32.39	-33.92
60544.68403	G24	-33.60	-33.45	-33.53
60544.68403	G25	-33.28	-33.30	-33.28
60544.68403	G29	-33.60	-33.38	-31.98
60544.68750	G06	-33.24	-33.08	-32.91
60544.68750	G11	-33.24	-33.13	-32.91
60544.68750	G12	-33.34	-33.25	-32.83
60544.68750	G19	-33.52	-33.39	-32.75
60544.68750	G24	-33.40	-33.33	-32.44
60544.68750	G25	-33.15	-33.02	-33.05
60544.68750	G29	-32.60	-32.47	-32.80
60544.69097	G06	-32.79	-32.55	-32.08
60544.69097	G11	-33.23	-33.15	-33.25
60544.69097	G12	-33.24	-33.10	-32.63
60544.69097	G19	-32.18	-31.96	-31.44
60544.69097	G24	-33.03	-32.95	-33.10
60544.69097	G25	-32.88	-32.77	-32.68
60544.69097	G29	-33.24	-33.12	-32.87
60544.69097	G32	-32.07	-31.84	-32.46
60544.69444	G06	-33.15	-33.10	-32.62
60544.69444	G11	-33.73	-33.68	-32.82
60544.69444	G12	-33.20	-33.06	-32.86
60544.69444	G19	-33.79	-33.68	-31.88
60544.69444	G24	-33.25	-33.15	-32.80
60544.69444	G25	-33.66	-33.61	-33.35
60544.69444	G29	-33.46	-33.40	-32.81
60544.69792	G06	-33.01	-32.98	-33.92
60544.69792	G11	-33.29	-33.32	-32.56
60544.69792	G12	-33.27	-33.11	-32.61
60544.69792	G19	-31.73	-31.60	-31.12
60544.69792	G24	-33.22	-33.10	-32.85
60544.69792	G25	-33.82	-33.73	-32.83
60544.69792	G28	-33.78	-33.55	-32.21
60544.69792	G29	-33.28	-33.30	-33.37
60544.70139	G06	-32.83	-32.84	-32.10
60544.70139	G11	-33.20	-33.19	-32.92
60544.70139	G12	-33.04	-32.88	-32.70
60544.70139	G19	-31.34	-29.99	-34.10
60544.70139	G24	-33.10	-32.98	-33.00
60544.70139	G25	-33.20	-33.07	-32.42
60544.70139	G28	-33.06	-32.60	-31.29
60544.70139	G29	-32.74	-32.72	-31.92
60544.70486	G06	-33.34	-33.32	-32.64
60544.70486	G11	-33.34	-33.30	-32.96
60544.70486	G12	-33.81	-33.69	-32.91
60544.70486	G20	-32.32	-32.79	-34.11
60544.70486	G24	-32.99	-32.87	-32.94
60544.70486	G25	-33.30	-33.25	-32.88
60544.70486	G28	-32.71	-32.77	-34.10
60544.70486	G29	-33.37	-33.25	-33.44
60544.70833	G06	-33.64	-33.64	-32.73
60544.70833	G11	-33.14	-33.00	-33.17
60544.70833	G12	-33.34	-33.26	-32.84
60544.70833	G20	-32.83	-32.85	-33.65
60544.70833	G24	-33.20	-33.02	-32.24
60544.70833	G25	-32.98	-32.88	-33.79
60544.70833	G28	-33.67	-33.58	-34.55
60544.70833	G29	-33.38	-33.37	-32.51
60544.71181	G06	-33.32	-33.37	-32.72
60544.71181	G11	-33.39	-33.30	-32.66
60544.71181	G12	-33.40	-33.28	-32.72
60544.71181	G20	-32.51	-32.78	-32.52
60544.71181	G24	-32.20	-32.09	-32.47
60544.71181	G25	-33.37	-33.35	-32.75
60544.71181	G28	-33.43	-33.03	-33.55
60544.71181	G29	-33.37	-33.36	-32.98
60544.71528	G06	-33.63	-33.47	-34.46
60544.71528	G11	-33.18	-33.11	-32.71
60544.71528	G12	-33.33	-33.18	-33.00
60544.71528	G20	-32.80	-32.63	-32.42
60544.71528	G24	-33.39	-33.36	-32.48
60544.71528	G25	-33.24	-33.23	-32.49
60544.71528	G28	-33.34	-32.76	-31.28
60544.71528	G29	-33.43	-33.40	-32.80
60544.71875	G06	-32.64	-32.47	-34.27
60544.71875	G11	-33.76	-33.66	-33.48
60544.71875	G12	-33.17	-32.99	-32.83
60544.71875	G20	-33.60	-33.68	-31.59
60544.71875	G24	-33.45	-33.32	-33.45
60544.71875	G25	-33.10	-33.04	-32.69
60544.71875	G28	-33.27	-32.55	-32.02
60544.71875	G29	-33.52	-33.44	-32.94
60544.72222	G06	-33.44	-33.34	-33.95
60544.72222	G11	-33.30	-33.27	-32.82
60544.72222	G12	-33.20	-33.04	-32.61
60544.72222	G20	-32.49	-32.56	-34.08
60544.72222	G24	-33.02	-32.87	-32.45
60544.72222	G25	-33.43	-33.36	-33.05
60544.72222	G28	-32.56	-32.24	-32.63
60544.72222	G29	-33.21	-33.08	-33.16
60544.72569	G06	-33.13	-32.97	-32.84
60544.72569	G11	-33.67	-33.67	-32.91
60544.72569	G12	-33.10	-32.94	-32.70
60544.72569	G20	-31.85	-31.61	-33.62
60544.72569	G24	-32.90	-32.78	-33.41
60544.72569	G25	-32.74	-32.58	-32.59
60544.72569	G28	-33.25	-33.16	-31.62
60544.72569	G29	-33.75	-33.61	-33.42
60544.72917	G06	-32.89	-32.95	-32.76
60544.72917	G11	-32.95	-32.87	-32.46
60544.72917	G12	-33.18	-33.06	-33.02
60544.72917	G20	-33.81	-33.73	-32.21
60544.72917	G24	-32.79	-32.72	-32.39
60544.72917	G25	-33.14	-33.00	-32.86
60544.72917	G28	-32.61	-32.59	-31.56
60544.72917	G29	-33.05	-32.89	-33.37
60544.73264	G06	-33.34	-33.65	-33.36
60544.73264	G11	-33.22	-33.14	-32.59
60544.73264	G12	-32.94	-32.81	-32.81
60544.73264	G20	-32.94	-33.00	-32.45
60544.73264	G24	-32.90	-32.74	-33.33
60544.73264	G25	-32.89	-32.78	-32.81
60544.73264	G28	-32.95	-32.99	-32.24
60544.73264	G29	-32.98	-32.85	-32.95
60544.73611	G05	-33.04	-33.28	-32.11
60544.73611	G06	-34.32	-34.47	-33.18
60544.73611	G11	-32.94	-32.82	-32.65
60544.73611	G12	-33.05	-32.86	-33.07
60544.73611	G20	-32.88	-32.75	-33.38
60544.73611	G24	-32.39	-32.26	-32.41
60544.73611	G25	-33.23	-33.08	-33.01
60544.73611	G28	-33.51	-33.43	-32.62
60544.73611	G29	-33.14	-33.06	-32.94
60544.73958	G05	-32.39	-32.38	-33.16
60544.73958	G06	-33.97	-34.24	-33.79
60544.73958	G11	-33.32	-33.24	-32.88
60544.73958	G12	-32.73	-32.58	-32.48
60544.73958	G20	-32.59	-32.49	-32.04
60544.73958	G24	-33.13	-33.13	-32.51
60544.73958	G25	-33.46	-33.32	-32.54
60544.73958	G28	-32.92	-32.88	-33.37
60544.73958	G29	-33.10	-33.05	-32.89
60544.74306	G05	-31.62	-31.39	-31.87
60544.74306	G06	-33.12	-33.77	-32.75
60544.74306	G11	-33.50	-33.42	-32.88
60544.74306	G12	-33.17	-32.98	-33.00
60544.74306	G18	-33.82	-34.10	-31.61
60544.74306	G20	-32.67	-32.59	-32.88
60544.74306	G24	-32.95	-32.83	-33.46
60544.74306	G25	-33.02	-32.93	-32.67
60544.74306	G28	-33.41	-33.32	-33.83
60544.74306	G29	-32.98	-32.85	-32.52
60544.74653	G05	-32.82	-32.65	-33.60
60544.74653	G11	-33.82	-33.71	-33.35
60544.74653	G12	-32.85	-32.71	-32.98
60544.74653	G18	-33.99	-34.16	-32.91
60544.74653	G20	-32.64	-32.43	-32.97
60544.74653	G24	-33.08	-32.98	-32.48
60544.74653	G25	-32.94	-32.88	-32.80
60544.74653	G28	-32.89	-32.92	-32.54
60544.74653	G29	-33.15	-33.05	-32.97
60544.75000	G05	-32.62	-32.59	-33.36
60544.75000	G11	-32.97	-32.94	-33.04
60544.75000	G12	-33.23	-33.10	-32.89
60544.75000	G18	-32.95	-32.77	-33.02
60544.75000	G20	-32.87	-32.69	-32.35
60544.75000	G24	-32.45	-32.38	-33.21
60544.75000	G25	-33.13	-33.09	-32.51
60544.75000	G28	-32.98	-32.99	-33.02
60544.75000	G29	-32.89	-32.85	-33.37
60544.75347	G05	-32.66	-32.59	-32.28
60544.75347	G11	-33.52	-33.42	-32.93
60544.75347	G12	-33.45	-33.31	-32.91
60544.75347	G18	-34.21	-34.00	-33.12
60544.75347	G20	-33.40	-33.29	-32.67
60544.75347	G24	-32.61	-32.36	-31.81
60544.75347	G25	-33.14	-33.04	-32.95
60544.75347	G28	-33.14	-33.07	-32.59
60544.75347	G29	-33.22	-33.18	-33.05
60544.75347	G31	-33.41	-33.12	-33.30
60544.75694	G05	-33.16	-33.02	-31.82
60544.75694	G11	-32.19	-32.11	-33.42
60544.75694	G12	-33.74	-33.67	-32.80
60544.75694	G18	-32.82	-32.65	-32.13
60544.75694	G20	-32.72	-32.64	-32.08
60544.75694	G24	-32.66	-32.57	-34.18
60544.75694	G25	-33.13	-33.06	-32.77
60544.75694	G28	-32.96	-32.81	-32.50
60544.75694	G29	-32.71	-32.68	-33.11
60544.75694	G31	-32.34	-32.16	-33.98
60544.76042	G05	-32.47	-32.29	-33.28
60544.76042	G11	-33.31	-33.24	-32.09
60544.76042	G12	-33.29	-33.23	-32.91
60544.76042	G18	-33.40	-33.34	-32.50
60544.76042	G20	-33.09	-32.92	-32.83
60544.76042	G24	-32.63	-32.61	-33.19
60544.76042	G25	-33.40	-33.33	-33.10
60544.76042	G28	-33.50	-33.40	-32.85
60544.76042	G29	-33.42	-33.38	-33.19
60544.76042	G31	-33.00	-32.99	-33.80
60544.76389	G05	-32.69	-32.64	-32.79
60544.76389	G11	-33.51	-33.32	-33.23
60544.76389	G12	-33.35	-33.25	-32.93
60544.76389	G18	-32.76	-32.55	-32.79
60544.76389	G20	-33.12	-33.00	-33.01
60544.76389	G24	-32.03	-31.85	-34.08
60544.76389	G25	-33.22	-33.16	-33.39
60544.76389	G28	-33.21	-33.07	-32.71
60544.76389	G29	-32.56	-32.49	-32.98
60544.76389	G31	-33.55	-33.46	-33.37
60544.76736	G05	-32.72	-32.72	-32.22
60544.76736	G11	-32.40	-32.27	-33.90
60544.76736	G12	-33.40	-33.27	-32.87
60544.76736	G18	-33.02	-32.88	-34.19
60544.76736	G20	-33.18	-33.13	-32.65
60544.76736	G24	-32.79	-32.47	-32.74
60544.76736	G25	-33.42	-33.34	-32.84
60544.76736	G28	-33.01	-32.92	-32.54
60544.76736	G29	-33.46	-33.34	-32.88
60544.76736	G31	-32.37	-32.59	-32.87
60544.77083	G05	-32.86	-32.84	-33.38
60544.77083	G11	-32.41	-32.33	-32.88
60544.77083	G12	-33.27	-33.18	-33.30
60544.77083	G18	-32.71	-32.64	-33.04
60544.77083	G20	-32.58	-32.57	-33.51
60544.77083	G24	-33.40	-33.62	-33.39
60544.77083	G25	-33.01	-32.94	-33.03
60544.77083	G28	-33.42	-33.25	-32.98
60544.77083	G29	-32.87	-32.78	-33.31
60544.77083	G31	-33.09	-33.01	-34.40
60544.77431	G05	-33.05	-33.04	-32.33
60544.77431	G11	-33.18	-33.16	-32.76
60544.77431	G12	-33.15	-33.07	-33.01
60544.77431	G18	-32.88	-32.81	-32.97
60544.77431	G20	-32.51	-32.42	-32.54
60544.77431	G25	-33.09	-33.01	-32.98
60544.77431	G28	-32.91	-32.85	-33.82
60544.77431	G29	-33.09	-32.98	-32.83
60544.77431	G31	-33.95	-34.08	-32.35
60544.77778	G05	-33.83	-33.78	-32.35
60544.77778	G11	-33.87	-33.87	-31.37
60544.77778	G12	-33.15	-33.11	-32.97
60544.77778	G18	-33.67	-33.56	-32.94
60544.77778	G20	-32.79	-32.71	-32.94
60544.77778	G25	-33.32	-33.18	-32.87
60544.77778	G28	-33.47	-33.36	-33.81
60544.77778	G29	-33.22	-33.05	-32.57
60544.77778	G31	-33.75	-33.97	-32.88
60544.78125	G05	-33.23	-33.15	-32.95
60544.78125	G11	-32.33	-32.49	-31.54
60544.78125	G12	-32.64	-32.57	-32.91
60544.78125	G18	-32.84	-32.78	-32.90
60544.78125	G20	-33.16	-33.06	-32.64
60544.78125	G25	-32.97	-32.82	-32.77
60544.78125	G28	-32.88	-32.79	-33.95
60544.78125	G29	-33.11	-32.99	-33.16
60544.78125	G31	-32.34	-32.55	-34.08
60544.78472	G05	-32.66	-32.57	-32.54
60544.78472	G11	-34.16	-34.02	-33.82
60544.78472	G12	-32.92	-32.89	-32.40
60544.78472	G18	-32.90	-32.70	-32.69
60544.78472	G20	-32.85	-32.79	-32.62
60544.78472	G25	-33.40	-33.28	-33.32
60544.78472	G28	-33.29	-33.23	-33.18
60544.78472	G29	-33.20	-33.08	-33.20
60544.78472	G31	-33.62	-33.55	-32.26
60544.78819	G05	-32.93	-32.82	-33.33
60544.78819	G11	-33.80	-33.58	-34.16
60544.78819	G12	-33.19	-33.14	-32.07
60544.78819	G18	-32.63	-32.58	-32.21
60544.78819	G20	-33.56	-33.44	-32.88
60544.78819	G25	-32.80	-32.71	-32.84
60544.78819	G26	-32.44	-32.55	-32.20
60544.78819	G28	-33.73	-33.68	-32.29
60544.78819	G29	-33.30	-33.19	-32.60
60544.78819	G31	-33.14	-32.98	-32.45
60544.79167	G05	-33.05	-32.93	-33.01
60544.79167	G11	-32.38	-31.83	-32.34
60544.79167	G12	-33.19	-33.03	-32.78
60544.79167	G18	-33.06	-33.00	-33.47
60544.79167	G20	-32.85	-32.79	-33.11
60544.79167	G25	-32.92	-32.84	-32.73
60544.79167	G26	-33.90	-33.97	-33.70
60544.79167	G28	-33.46	-33.41	-32.44
60544.79167	G29	-33.17	-33.05	-32.72
60544.79167	G31	-33.69	-33.49	-32.53
60544.79514	G05	-32.93	-32.84	-32.95
60544.79514	G11	-32.94	-32.52	-32.53
60544.79514	G12	-33.44	-33.31	-32.76
60544.79514	G18	-33.58	-33.51	-33.02
60544.79514	G20	-32.88	-32.85	-33.39
60544.79514	G25	-33.16	-33.08	-32.65
60544.79514	G26	-33.80	-34.09	-34.42
60544.79514	G28	-33.49	-33.55	-32.85
60544.79514	G29	-33.32	-33.19	-32.64
60544.79514	G31	-33.00	-32.59	-33.57
60544.79861	G05	-32.88	-32.80	-33.20
60544.79861	G11	-31.69	-31.04	-31.22
60544.79861	G12	-32.85	-32.77	-32.73
60544.79861	G18	-33.15	-33.12	-33.09
60544.79861	G20	-32.30	-32.21	-32.80
60544.79861	G25	-33.25	-33.07	-33.13
60544.79861	G26	-32.00	-32.02	-32.64
60544.79861	G28	-33.51	-33.45	-32.48
60544.79861	G29	-33.24	-33.15	-33.06
60544.79861	G31	-32.16	-31.96	-32.33
60544.80208	G05	-32.83	-32.77	-32.83
60544.80208	G11	-33.12	-32.63	-33.43
60544.80208	G12	-33.01	-32.91	-33.48
60544.80208	G18	-32.79	-32.73	-32.75
60544.80208	G20	-33.96	-33.84	-33.20
60544.80208	G25	-33.26	-33.12	-33.02
60544.80208	G26	-32.94	-32.75	-33.09
60544.80208	G28	-33.09	-33.05	-32.66
60544.80208	G29	-33.63	-33.55	-33.03
60544.80208	G31	-32.48	-32.34	-33.19
60544.80556	G05	-32.60	-32.55	-32.96
60544.80556	G11	-32.70	-32.82	-32.44
60544.80556	G12	-33.01	-32.95	-32.35
60544.80556	G18	-33.17	-32.99	-32.84
60544.80556	G20	-32.53	-32.47	-32.70
60544.80556	G25	-33.05	-32.93	-32.83
60544.80556	G26	-33.19	-32.92	-31.92
60544.80556	G28	-33.23	-33.18	-33.05
60544.80556	G29	-32.78	-32.68	-32.93
60544.80556	G31	-33.04	-32.97	-32.65
60544.80903	G05	-32.74	-32.72	-32.29
60544.80903	G11	-32.52	-32.39	-32.67
60544.80903	G12	-33.71	-33.67	-32.35
60544.80903	G18	-33.04	-32.90	-33.13
60544.80903	G20	-32.87	-32.79	-32.51
60544.80903	G25	-33.21	-33.13	-33.02
60544.80903	G26	-33.44	-33.25	-33.07
60544.80903	G28	-33.45	-33.33	-32.78
60544.80903	G29	-33.19	-33.09	-33.24
60544.80903	G31	-32.87	-32.69	-33.65
60544.81250	G05	-33.15	-33.10	-33.30
60544.81250	G11	-33.28	-33.03	-32.96
60544.81250	G12	-33.02	-32.91	-33.12
60544.81250	G18	-32.85	-32.75	-32.97
60544.81250	G20	-31.53	-31.56	-31.94
60544.81250	G23	-33.50	-33.35	-32.79
60544.81250	G25	-33.40	-33.30	-33.16
60544.81250	G26	-32.94	-32.90	-33.10
60544.81250	G28	-33.16	-33.03	-33.14
60544.81250	G29	-33.25	-33.11	-33.31
60544.81250	G31	-33.26	-33.06	-32.28
60544.81597	G05	-32.82	-32.71	-33.06
60544.81597	G12	-32.57	-32.47	-33.10
60544.81597	G18	-32.80	-32.68	-32.41
60544.81597	G20	-33.12	-32.98	-33.12
60544.81597	G23	-33.94	-33.62	-33.78
60544.81597	G25	-32.18	-32.11	-32.73
60544.81597	G26	-33.02	-32.97	-32.76
60544.81597	G28	-32.68	-32.61	-32.84
60544.81597	G29	-33.44	-33.35	-33.18
60544.81597	G31	-32.49	-32.29	-33.65
60544.81944	G05	-33.21	-33.12	-33.20
60544.81944	G12	-33.54	-33.48	-32.70
60544.81944	G18	-33.17	-33.03	-32.58
60544.81944	G20	-32.80	-32.79	-32.84
60544.81944	G23	-32.97	-33.39	-32.50
60544.81944	G25	-33.25	-33.16	-32.86
60544.81944	G26	-32.61	-32.51	-32.21
60544.81944	G28	-33.38	-33.32	-33.03
60544.81944	G29	-33.21	-33.09	-33.07
60544.81944	G31	-33.23	-33.11	-32.23
60544.82292	G05	-33.11	-32.99	-33.18
60544.82292	G12	-33.10	-32.95	-32.81
60544.82292	G18	-32.41	-32.32	-32.99
60544.82292	G20	-33.11	-33.12	-33.07
60544.82292	G23	-33.92	-33.91	-32.59
60544.82292	G25	-33.19	-33.06	-32.95
60544.82292	G26	-32.53	-32.35	-31.68
60544.82292	G28	-33.80	-33.76	-32.99
60544.82292	G29	-33.60	-33.52	-32.64
60544.82292	G31	-33.43	-33.40	-33.18
60544.82639	G05	-33.73	-33.61	-32.26
60544.82639	G12	-32.31	-32.12	-32.08
60544.82639	G18	-32.80	-32.73	-33.50
60544.82639	G20	-32.49	-32.51	-32.69
60544.82639	G23	-32.64	-32.56	-32.57
60544.82639	G25	-32.97	-32.86	-32.67
60544.82639	G26	-33.02	-32.90	-31.90
60544.82639	G28	-33.16	-33.09	-33.84
60544.82639	G29	-33.39	-33.26	-33.13
60544.82639	G31	-33.05	-32.97	-32.83
60544.82986	G05	-32.93	-32.82	-32.22
60544.82986	G12	-33.09	-32.97	-32.14
60544.82986	G18	-32.54	-32.43	-32.69
60544.82986	G20	-32.27	-32.28	-32.49
60544.82986	G23	-33.61	-33.42	-32.84
60544.82986	G25	-32.66	-32.52	-32.74
60544.82986	G26	-32.67	-32.55	-33.35
60544.82986	G28	-32.71	-32.67	-32.85
60544.82986	G29	-33.00	-32.96	-32.37
60544.82986	G31	-33.12	-32.97	-33.11
60544.83333	G05	-32.98	-32.90	-32.94
60544.83333	G12	-33.11	-33.08	-31.67
60544.83333	G18	-33.45	-33.33	-32.68
60544.83333	G20	-33.95	-34.00	-32.38
60544.83333	G23	-33.93	-33.75	-32.82
60544.83333	G25	-33.12	-32.98	-33.07
60544.83333	G26	-32.77	-32.69	-31.46
60544.83333	G28	-33.22	-33.14	-31.80
60544.83333	G29	-32.91	-32.85	-32.90
60544.83333	G31	-33.41	-33.35	-33.31
60544.83681	G05	-32.75	-32.80	-32.34
60544.83681	G12	-32.74	-32.55	-32.43
60544.83681	G18	-33.06	-32.99	-33.24
60544.83681	G20	-32.60	-32.44	-32.54
60544.83681	G23	-33.03	-32.76	-32.05
60544.83681	G25	-33.16	-33.03	-33.01
60544.83681	G26	-33.39	-33.38	-32.52
60544.83681	G28	-32.96	-32.79	-33.24
60544.83681	G29	-33.09	-33.00	-32.46
60544.83681	G31	-33.43	-33.40	-32.10
60544.84028	G05	-33.40	-33.39	-33.23
60544.84028	G12	-34.96	-34.73	-33.07
60544.84028	G16	-33.42	-33.50	-31.28
60544.84028	G18	-33.18	-33.05	-32.38
60544.84028	G20	-32.72	-32.02	-31.61
60544.84028	G23	-32.83	-32.42	-32.52
60544.84028	G25	-33.17	-33.09	-32.61
60544.84028	G26	-32.40	-32.32	-32.97
60544.84028	G28	-32.19	-32.13	-33.76
60544.84028	G29	-33.15	-33.09	-32.75
60544.84028	G31	-32.87	-32.84	-33.57
60544.84375	G05	-32.67	-32.50	-33.10
60544.84375	G16	-33.40	-33.87	-32.17
60544.84375	G18	-33.20	-33.07	-33.22
60544.84375	G20	-35.10	-34.68	-31.28
60544.84375	G23	-33.89	-33.68	-33.41
60544.84375	G25	-33.15	-33.13	-33.59
60544.84375	G26	-33.36	-33.21	-33.36
60544.84375	G28	-33.03	-32.81	-32.10
60544.84375	G29	-33.00	-32.98	-32.67
60544.84375	G31	-33.38	-33.32	-33.57
60544.84722	G05	-32.86	-32.69	-32.60
60544.84722	G16	-33.14	-32.94	-33.37
60544.84722	G18	-32.95	-32.82	-32.97
60544.84722	G20	-33.50	-33.25	-32.31
60544.84722	G23	-32.82	-32.67	-32.50
60544.84722	G25	-32.90	-32.81	-33.64
60544.84722	G26	-32.94	-32.83	-32.61
60544.84722	G28	-33.22	-33.01	-34.63
60544.84722	G29	-33.02	-32.99	-32.97
60544.84722	G31	-32.53	-32.29	-32.57
60544.85069	G05	-34.37	-34.32	-32.55
60544.85069	G16	-33.40	-32.90	-32.11
60544.85069	G18	-33.18	-33.00	-33.28
60544.85069	G20	-34.09	-34.26	-31.71
60544.85069	G23	-33.54	-33.50	-32.78
60544.85069	G25	-33.14	-33.06	-32.46
60544.85069	G26	-33.47	-33.33	-32.97
60544.85069	G28	-31.34	-31.16	-33.36
60544.85069	G29	-32.99	-32.96	-32.84
60544.85069	G31	-31.99	-31.87	-32.18
60544.85417	G05	-32.56	-32.51	-32.67
60544.85417	G16	-33.12	-32.94	-34.89
60544.85417	G18	-33.45	-33.34	-32.73
60544.85417	G23	-33.44	-33.33	-32.31
60544.85417	G25	-32.93	-32.83	-32.70
60544.85417	G26	-33.46	-33.41	-33.18
60544.85417	G28	-34.33	-34.60	-33.09
60544.85417	G29	-33.29	-33.15	-32.82
60544.85417	G31	-33.46	-33.28	-32.82
60544.85764	G05	-32.71	-32.68	-33.48
60544.85764	G15	-32.51	-32.92	-32.31
60544.85764	G16	-33.21	-33.19	-33.08
60544.85764	G18	-33.53	-33.41	-32.98
60544.85764	G23	-32.81	-32.75	-32.01
60544.85764	G25	-33.40	-33.40	-32.86
60544.85764	G26	-33.58	-33.50	-32.83
60544.85764	G28	-32.73	-32.86	-33.75
60544.85764	G29	-33.07	-32.97	-32.56
60544.85764	G31	-32.91	-32.85	-32.50
60544.86111	G05	-34.41	-34.58	-30.70
60544.86111	G15	-32.80	-32.84	-32.79
60544.86111	G16	-33.34	-33.18	-32.87
60544.86111	G18	-33.24	-33.10	-32.62
60544.86111	G23	-32.49	-32.36	-33.25
60544.86111	G25	-33.73	-33.80	-33.17
60544.86111	G26	-33.82	-33.72	-33.02
60544.86111	G29	-33.33	-33.22	-32.68
60544.86111	G31	-33.12	-33.00	-34.67
60544.86458	G05	-33.03	-33.09	-34.19
60544.86458	G10	-31.29	-30.82	-32.48
60544.86458	G15	-32.00	-32.05	-32.37
60544.86458	G16	-33.80	-33.59	-33.37
60544.86458	G18	-32.53	-32.36	-32.80
60544.86458	G23	-33.57	-33.44	-32.47
60544.86458	G25	-33.48	-33.44	-33.32
60544.86458	G26	-33.33	-33.19	-32.67
60544.86458	G29	-33.24	-33.15	-33.28
60544.86806	G05	-33.97	-34.05	-31.74
60544.86806	G10	-32.54	-31.55	-32.22
60544.86806	G15	-33.34	-33.21	-33.34
60544.86806	G16	-33.27	-33.06	-32.60
60544.86806	G18	-32.93	-32.85	-33.18
60544.86806	G23	-33.00	-32.88	-32.42
60544.86806	G25	-32.91	-32.95	-32.75
60544.86806	G26	-32.93	-32.83	-32.63
60544.86806	G29	-33.47	-33.37	-32.87
60544.87153	G05	-32.75	-32.78	-33.58
60544.87153	G10	-33.16	-32.51	-32.74
60544.87153	G15	-33.84	-33.93	-34.23
60544.87153	G16	-33.02	-32.98	-32.80
60544.87153	G18	-33.11	-33.03	-32.94
60544.87153	G23	-33.21	-33.19	-32.52
60544.87153	G25	-32.14	-32.20	-31.65
60544.87153	G26	-33.13	-33.09	-32.87
60544.87153	G29	-33.02	-32.98	-32.47
60544.87500	G05	-33.45	-33.31	-33.55
60544.87500	G10	-34.20	-33.73	-31.68
60544.87500	G15	-31.93	-31.66	-34.33
60544.87500	G16	-32.28	-32.10	-32.42
60544.87500	G18	-33.26	-33.15	-33.18
60544.87500	G23	-33.44	-33.39	-33.29
60544.87500	G25	-32.29	-32.24	-32.03
60544.87500	G26	-33.39	-33.32	-32.70
60544.87500	G29	-33.01	-32.94	-32.71
60544.87847	G05	-33.70	-33.52	-33.39
60544.87847	G10	-33.63	-33.26	-32.39
60544.87847	G15	-32.27	-31.97	-32.98
60544.87847	G16	-33.07	-32.92	-32.17
60544.87847	G18	-33.43	-33.35	-32.61
60544.87847	G23	-33.30	-33.16	-32.97
60544.87847	G25	-32.70	-32.81	-33.14
60544.87847	G26	-32.89	-32.73	-33.68
60544.87847	G29	-33.07	-33.03	-32.96
60544.88194	G05	-32.49	-32.26	-33.57
60544.88194	G10	-33.14	-33.03	-32.88
60544.88194	G15	-32.88	-32.90	-33.50
60544.88194	G16	-33.51	-33.33	-33.29
60544.88194	G18	-33.33	-33.25	-32.74
60544.88194	G23	-33.55	-33.34	-33.36
60544.88194	G25	-33.38	-33.44	-33.99
60544.88194	G26	-33.72	-33.65	-33.13
60544.88194	G27	-34.91	-32.68	-33.29
60544.88194	G29	-33.09	-32.95	-32.80
60544.88542	G05	-32.60	-32.41	-33.73
60544.88542	G10	-33.10	-32.94	-31.30
60544.88542	G15	-32.36	-32.23	-33.61
60544.88542	G16	-32.55	-32.51	-34.04
60544.88542	G18	-33.00	-32.91	-32.81
60544.88542	G23	-33.30	-33.10	-32.62
60544.88542	G25	-32.90	-32.72	-33.76
60544.88542	G26	-32.87	-32.80	-32.94
60544.88542	G29	-32.67	-32.53	-32.40
60544.88889	G05	-32.90	-32.53	-32.44
60544.88889	G10	-32.78	-32.56	-32.60
60544.88889	G15	-32.39	-32.36	-32.49
60544.88889	G16	-32.99	-32.81	-33.14
60544.88889	G18	-33.27	-33.17	-32.67
60544.88889	G23	-32.56	-32.46	-32.39
60544.88889	G25	-32.74	-32.70	-32.93
60544.88889	G26	-32.70	-32.60	-33.13
60544.88889	G27	-33.26	-32.97	-32.21
60544.88889	G29	-33.31	-33.19	-32.39
60544.89236	G05	-34.23	-34.11	-32.06
60544.89236	G10	-33.03	-32.81	-31.50
60544.89236	G15	-33.27	-33.14	-32.37
60544.89236	G16	-33.05	-32.92	-31.76
60544.89236	G18	-32.60	-32.47	-32.79
60544.89236	G23	-33.43	-33.38	-32.77
60544.89236	G26	-33.41	-33.39	-33.20
60544.89236	G27	-35.15	-34.62	-32.28
60544.89236	G29	-32.68	-32.59	-33.49
60544.89583	G05	-33.29	-33.07	-32.27
60544.89583	G10	-33.39	-33.30	-33.63
60544.89583	G15	-32.17	-32.05	-32.80
60544.89583	G16	-33.23	-33.22	-33.83
60544.89583	G18	-33.42	-33.29	-33.34
60544.89583	G23	-33.55	-33.42	-32.87
60544.89583	G26	-33.67	-33.63	-33.33
60544.89583	G27	-33.57	-33.41	-34.69
60544.89583	G29	-33.01	-32.91	-32.93
60544.89931	G05	-33.44	-33.01	-32.41
60544.89931	G10	-33.40	-33.38	-32.57
60544.89931	G15	-33.28	-33.19	-32.37
60544.89931	G16	-33.46	-33.44	-31.84
60544.89931	G18	-33.95	-33.80	-33.15
60544.89931	G23	-33.28	-33.12	-32.63
60544.89931	G26	-33.69	-33.63	-32.89
60544.89931	G29	-32.93	-32.84	-32.91
60544.90278	G10	-33.93	-33.78	-32.57
60544.90278	G15	-32.43	-32.36	-32.71
60544.90278	G16	-32.85	-32.77	-33.48
60544.90278	G18	-33.33	-33.18	-33.28
60544.90278	G23	-32.58	-32.39	-33.27
60544.90278	G26	-33.22	-33.13	-32.61
60544.90278	G27	-32.70	-32.42	-31.63
60544.90278	G29	-32.96	-32.76	-32.44
60544.90625	G10	-34.08	-33.96	-32.92
60544.90625	G15	-32.97	-32.94	-32.65
60544.90625	G16	-32.88	-32.82	-33.29
60544.90625	G18	-33.67	-33.58	-32.91
60544.90625	G23	-33.11	-33.02	-33.08
60544.90625	G26	-32.82	-32.71	-32.88
60544.90625	G27	-32.47	-32.21	-32.19
60544.90625	G29	-33.30	-33.19	-31.95
60544.90972	G10	-33.36	-33.32	-33.13
60544.90972	G15	-33.78	-33.75	-33.03
60544.90972	G16	-32.86	-32.75	-32.74
60544.90972	G18	-33.13	-32.95	-32.78
60544.90972	G23	-33.44	-33.37	-33.52
60544.90972	G26	-33.29	-33.26	-32.76
60544.90972	G27	-33.43	-33.35	-32.37
60544.90972	G29	-32.91	-32.79	-32.39
60544.91319	G10	-33.26	-33.19	-32.28
60544.91319	G15	-32.45	-32.31	-33.15
60544.91319	G16	-33.23	-33.24	-32.73
60544.91319	G18	-33.24	-33.16	-32.62
60544.91319	G23	-33.06	-33.00	-33.19
60544.91319	G26	-33.04	-32.99	-32.84
60544.91319	G27	-33.50	-33.28	-32.12
60544.91319	G29	-33.18	-33.05	-32.75
60544.91667	G10	-33.22	-33.20	-32.24
60544.91667	G15	-32.91	-32.84	-32.34
60544.91667	G16	-33.23	-33.23	-33.24
60544.91667	G18	-33.40	-33.30	-32.97
60544.91667	G23	-33.40	-33.30	-32.90
60544.91667	G26	-33.09	-33.04	-32.99
60544.91667	G27	-32.93	-32.98	-32.39
60544.91667	G29	-32.84	-32.72	-33.18
60544.92014	G10	-33.35	-33.19	-33.31
60544.92014	G15	-33.33	-33.29	-32.50
60544.92014	G16	-32.62	-32.49	-32.25
60544.92014	G18	-33.44	-33.38	-32.45
60544.92014	G23	-33.32	-33.22	-33.40
60544.92014	G26	-33.70	-33.65	-33.04
60544.92014	G27	-32.73	-32.66	-33.70
60544.92014	G29	-32.43	-32.30	-33.03
60544.92361	G10	-32.55	-32.42	-32.56
60544.92361	G15	-32.47	-32.47	-32.98
60544.92361	G16	-32.91	-32.78	-32.80
60544.92361	G18	-33.07	-33.01	-33.43
60544.92361	G23	-32.77	-32.68	-33.05
60544.92361	G26	-33.43	-33.33	-32.35
60544.92361	G27	-33.16	-33.08	-33.01
60544.92361	G29	-33.36	-33.11	-32.95
60544.92708	G10	-33.21	-33.15	-32.39
60544.92708	G15	-32.92	-32.86	-32.46
60544.92708	G16	-33.22	-33.13	-32.96
60544.92708	G18	-33.20	-33.20	-32.44
60544.92708	G23	-32.72	-32.60	-32.95
60544.92708	G26	-33.51	-33.42	-32.87
60544.92708	G27	-33.33	-33.15	-32.78
60544.92708	G29	-34.06	-34.00	-32.80
60544.93056	G10	-33.55	-33.42	-33.07
60544.93056	G15	-32.64	-32.57	-32.97
60544.93056	G16	-33.06	-32.97	-32.67
60544.93056	G18	-33.18	-33.16	-32.92
60544.93056	G23	-33.48	-33.34	-32.98
60544.93056	G26	-32.94	-32.84	-32.57
60544.93056	G27	-33.16	-33.01	-33.82
60544.93056	G29	-33.18	-33.11	-32.53
60544.93403	G10	-32.80	-32.64	-32.98
60544.93403	G15	-33.24	-33.13	-32.98
60544.93403	G16	-33.26	-33.11	-32.79
60544.93403	G18	-34.15	-34.12	-32.51
60544.93403	G23	-32.98	-32.95	-32.79
60544.93403	G26	-33.42	-33.35	-33.24
60544.93403	G27	-33.20	-33.03	-31.87
60544.93403	G29	-32.27	-32.03	-32.36
60544.93750	G10	-33.30	-33.14	-32.66
60544.93750	G15	-33.30	-33.27	-32.37
60544.93750	G16	-33.34	-33.12	-32.47
60544.93750	G18	-33.06	-33.00	-33.42
60544.93750	G23	-33.34	-33.30	-32.80
60544.93750	G26	-33.09	-32.97	-33.22
60544.93750	G27	-32.61	-32.52	-32.59
60544.93750	G29	-34.04	-34.01	-33.40
60544.94097	G10	-33.22	-33.08	-32.43
60544.94097	G15	-32.03	-31.79	-32.93
60544.94097	G16	-32.89	-32.78	-33.68
60544.94097	G18	-32.92	-32.88	-33.45
60544.94097	G23	-32.75	-32.69	-33.56
60544.94097	G26	-32.42	-32.34	-31.75
60544.94097	G27	-33.20	-33.13	-33.45
60544.94097	G29	-33.01	-33.00	-31.73
60544.94444	G08	-33.09	-32.88	-31.33
60544.94444	G10	-33.61	-33.52	-32.33
60544.94444	G15	-33.11	-32.90	-32.74
60544.94444	G16	-33.26	-33.17	-33.61
60544.94444	G18	-33.21	-33.17	-32.97
60544.94444	G23	-33.10	-32.98	-33.32
60544.94444	G26	-33.46	-33.37	-33.15
60544.94444	G27	-33.76	-33.62	-33.45
60544.94444	G29	-32.08	-31.94	-33.13
60544.94792	G08	-32.89	-32.82	-32.77
60544.94792	G10	-33.24	-33.13	-32.46
60544.94792	G15	-32.20	-31.96	-31.58
60544.94792	G16	-32.94	-32.91	-32.72
60544.94792	G18	-33.63	-33.44	-32.65
60544.94792	G23	-33.42	-33.26	-33.00
60544.94792	G26	-32.93	-32.83	-32.34
60544.94792	G27	-33.55	-33.54	-32.28
60544.94792	G29	-34.72	-34.52	-30.45
60544.95139	G08	-33.87	-33.54	-34.78
60544.95139	G10	-33.19	-33.10	-32.96
60544.95139	G15	-33.08	-33.18	-32.63
60544.95139	G16	-33.43	-33.39	-33.31
60544.95139	G18	-33.22	-32.98	-32.41
60544.95139	G23	-33.11	-33.02	-32.61
60544.95139	G26	-33.11	-33.02	-33.54
60544.95139	G27	-32.88	-32.84	-32.64
60544.95139	G32	-32.68	-32.78	-31.82
60544.95486	G08	-33.20	-33.16	-32.98
60544.95486	G10	-32.87	-32.71	-33.02
60544.95486	G15	-33.22	-33.02	-31.17
60544.95486	G16	-33.56	-33.50	-32.72
60544.95486	G18	-33.43	-33.19	-32.79
60544.95486	G23	-33.69	-33.62	-33.02
60544.95486	G26	-33.08	-33.01	-33.53
60544.95486	G27	-33.27	-33.24	-33.01
60544.95486	G32	-33.15	-33.18	-32.78
60544.95833	G08	-33.08	-33.05	-31.71
60544.95833	G10	-33.34	-33.22	-32.95
60544.95833	G15	-33.95	-34.05	-33.14
60544.95833	G16	-32.54	-32.52	-32.56
60544.95833	G18	-34.44	-34.34	-32.30
60544.95833	G23	-33.13	-33.03	-32.77
60544.95833	G26	-33.58	-33.42	-33.02
60544.95833	G27	-33.15	-33.11	-32.38
60544.95833	G32	-32.82	-32.34	-32.87
60544.96181	G08	-33.38	-33.17	-31.57
60544.96181	G10	-33.55	-33.43	-33.00
60544.96181	G15	-34.09	-34.42	-32.85
60544.96181	G16	-33.69	-33.61	-32.98
60544.96181	G18	-33.11	-32.99	-32.72
60544.96181	G23	-33.02	-32.98	-32.85
60544.96181	G26	-32.66	-32.53	-33.52
60544.96181	G27	-32.80	-32.74	-33.50
60544.96181	G32	-34.50	-34.10	-33.09
60544.96528	G08	-33.12	-32.86	-33.51
60544.96528	G10	-33.20	-33.10	-33.13
60544.96528	G15	-33.13	-33.18	-32.75
60544.96528	G16	-32.69	-32.60	-33.61
60544.96528	G18	-33.78	-33.53	-31.81
60544.96528	G23	-33.09	-33.00	-32.77
60544.96528	G26	-33.28	-33.18	-32.96
60544.96528	G27	-33.25	-33.14	-32.95
60544.96528	G32	-33.86	-33.48	-32.10
60544.96875	G08	-32.35	-32.28	-33.43
60544.96875	G10	-33.21	-33.10	-32.74
60544.96875	G15	-33.25	-32.92	-33.65
60544.96875	G16	-33.40	-33.22	-32.63
60544.96875	G18	-32.79	-32.56	-33.16
60544.96875	G23	-33.38	-33.34	-33.15
60544.96875	G26	-33.71	-33.65	-32.07
60544.96875	G27	-33.28	-33.20	-32.69
60544.96875	G32	-33.50	-33.38	-32.44
60544.97222	G08	-32.97	-32.89	-32.74
60544.97222	G10	-33.23	-33.14	-32.90
60544.97222	G15	-33.72	-33.63	-35.48
60544.97222	G16	-32.91	-32.81	-33.12
60544.97222	G18	-33.60	-33.45	-33.35
60544.97222	G23	-33.43	-33.30	-32.98
60544.97222	G26	-33.01	-32.94	-33.17
60544.97222	G27	-33.24	-33.16	-32.88
60544.97222	G32	-32.88	-32.64	-32.74
60544.97569	G08	-33.19	-32.99	-33.62
60544.97569	G10	-33.62	-33.50	-33.06
60544.97569	G15	-32.82	-32.93	-33.16
60544.97569	G16	-33.61	-33.57	-32.73
60544.97569	G18	-33.04	-33.13	-32.17
60544.97569	G23	-33.31	-33.15	-32.86
60544.97569	G26	-33.29	-33.19	-33.48
60544.97569	G27	-32.93	-32.85	-33.07
60544.97569	G32	-33.51	-33.39	-32.44
60544.97917	G08	-32.85	-32.78	-31.49
60544.97917	G10	-33.02	-32.89	-33.04
60544.97917	G15	-31.97	-31.56	-32.93
60544.97917	G16	-32.87	-32.81	-33.24
60544.97917	G18	-33.44	-33.27	-33.02
60544.97917	G23	-33.13	-33.00	-32.78
60544.97917	G26	-32.50	-32.27	-32.46
60544.97917	G27	-33.35	-33.22	-32.77
60544.97917	G32	-33.08	-33.03	-32.62
60544.98264	G08	-33.25	-33.20	-33.56
60544.98264	G10	-32.95	-32.83	-33.12
60544.98264	G15	-31.95	-31.58	-34.22
60544.98264	G16	-33.39	-33.32	-33.03
60544.98264	G18	-33.51	-33.32	-33.02
60544.98264	G23	-32.71	-32.70	-33.02
60544.98264	G26	-32.88	-32.66	-32.68
60544.98264	G27	-33.08	-32.97	-33.43
60544.98264	G32	-33.38	-33.43	-33.54
60544.98611	G08	-32.69	-32.64	-32.95
60544.98611	G10	-33.07	-32.93	-32.93
60544.98611	G16	-33.05	-32.98	-33.07
60544.98611	G18	-33.70	-33.51	-33.55
60544.98611	G23	-32.99	-32.94	-33.07
60544.98611	G26	-33.19	-33.12	-33.32
60544.98611	G27	-33.23	-33.15	-33.08
60544.98611	G32	-33.25	-33.28	-32.62
60544.98958	G08	-33.17	-33.12	-32.63
60544.98958	G10	-33.49	-33.36	-33.49
60544.98958	G16	-32.79	-32.67	-32.98
60544.98958	G18	-32.77	-32.67	-32.94
60544.98958	G23	-33.10	-33.06	-33.18
60544.98958	G26	-32.91	-32.84	-33.48
60544.98958	G27	-33.30	-33.23	-33.14
60544.98958	G32	-33.61	-33.49	-33.35
60544.99306	G08	-32.67	-32.61	-32.77
60544.99306	G10	-32.89	-32.79	-32.88
60544.99306	G16	-32.69	-32.60	-32.18
60544.99306	G18	-32.78	-32.67	-33.15
60544.99306	G23	-33.48	-33.52	-32.73
60544.99306	G26	-33.15	-33.14	-32.54
60544.99306	G27	-33.18	-33.09	-32.90
60544.99306	G32	-33.46	-33.30	-32.49
60544.99653	G08	-32.36	-32.29	-32.37
60544.99653	G10	-33.21	-33.09	-32.83
60544.99653	G16	-32.39	-32.30	-33.67
60544.99653	G18	-32.76	-32.72	-31.30
60544.99653	G23	-33.43	-33.31	-33.15
60544.99653	G26	-33.30	-33.13	-31.76
60544.99653	G27	-32.82	-32.67	-32.77
60544.99653	G32	-33.28	-33.21	-32.54
60545.00000	G08	-33.00	-33.01	-31.98
60545.00000	G10	-32.98	-32.92	-32.97
60545.00000	G16	-33.68	-33.53	-33.00
60545.00000	G18	-31.45	-31.58	-31.70
60545.00000	G23	-33.77	-33.61	-32.31
60545.00000	G26	-32.89	-32.80	-33.84
60545.00000	G27	-32.98	-32.76	-33.08
60545.00000	G32	-33.09	-33.07	-32.94
